conv1.weight
-4.891123175621032715e-01 -4.048044383525848389e-01 1.870494008064270020e+00
-7.362052202224731445e-01 1.813532471656799316e+00 -1.684840679168701172e+00
conv1.bias
2.693557500839233398e+00 -2.079559803009033203e+00
fc1.weight
-1.604967191815376282e-02 9.928970932960510254e-01 6.617649793624877930e-01 3.348987922072410583e-02 -1.112366199493408203e+00 1.004507899284362793e+00 -1.481513381004333496e+00 -1.202712416648864746e+00 1.230101943016052246e+00 1.600472092628479004e+00 -1.779308915138244629e+00 1.177088141441345215e+00 -2.737563252449035645e-01 1.746177822351455688e-01
4.495907425880432129e-01 -1.402181982994079590e-01 -1.095398794859647751e-02 -1.620318293571472168e-01 -1.697728782892227173e-02 6.214097738265991211e-01 -5.502356886863708496e-01 1.216156125068664551e+00 9.037912487983703613e-01 7.565048336982727051e-02 8.228390663862228394e-02 7.424671947956085205e-02 1.022826209664344788e-01 -2.281188592314720154e-02
1.493325710296630859e+00 4.684593975543975830e-01 -6.059635281562805176e-01 6.722181439399719238e-01 6.367852687835693359e-01 -8.373339474201202393e-02 -9.838994741439819336e-01 -7.023930549621582031e-02 -1.931399822235107422e+00 5.656588673591613770e-01 -1.747699975967407227e+00 -1.284409165382385254e+00 -8.336468338966369629e-01 -1.074303984642028809e+00
-7.596518397331237793e-01 1.605374664068222046e-01 3.849580585956573486e-01 1.269195526838302612e-01 -1.191429123282432556e-01 6.847288012504577637e-01 -8.778610080480575562e-02 1.071532011032104492e+00 2.394044250249862671e-01 -5.636180043220520020e-01 -5.495730042457580566e-01 1.820548996329307556e-02 -7.034925818443298340e-01 -1.631454378366470337e-01
fc1.bias
-1.631939709186553955e-01 -3.301396965980529785e-01 1.850236654281616211e+00 1.483088731765747070e+00
fc2.weight
-2.105769157409667969e+00 1.551836371421813965e+00 2.329967737197875977e+00 2.355848789215087891e+00
2.422046661376953125e+00 -1.290224790573120117e+00 -2.137548923492431641e+00 -2.032991647720336914e+00
fc2.bias
-2.873759746551513672e+00 2.955377340316772461e+00
