conv1.weight
3.393265306949615479e-01 -1.223426610231399536e-01 1.544212456792593002e-02
5.556741729378700256e-02 3.953043818473815918e-01 -5.408972501754760742e-01
conv1.bias
-4.170261919498443604e-01 -5.296600982546806335e-02
fc1.weight
3.147339522838592529e-01 -3.504314273595809937e-02 1.193635240197181702e-01 1.941906958818435669e-01 -4.998892545700073242e-03 -1.656384766101837158e-01 1.867394894361495972e-01 2.123444378376007080e-01 4.634104669094085693e-02 1.281769871711730957e-01 -7.944592833518981934e-02 -1.053077504038810730e-01 2.495722286403179169e-02 2.105119228363037109e-01
-2.094929367303848267e-01 1.734082847833633423e-01 1.524410396814346313e-01 -2.384112626314163208e-01 2.225889712572097778e-01 8.225119113922119141e-02 -6.613002717494964600e-02 -2.322884798049926758e-01 5.656858533620834351e-02 -1.390477716922760010e-01 -2.004578709602355957e-01 1.111272573471069336e-01 2.137390822172164917e-01 -1.057833954691886902e-01
-2.106276601552963257e-01 -1.164237335324287415e-01 2.059519439935684204e-01 -6.989006698131561279e-02 1.142642125487327576e-01 -2.093302458524703979e-01 -2.585199773311614990e-01 1.155295893549919128e-01 4.818985611200332642e-02 2.270648628473281860e-02 -1.572942584753036499e-01 1.467874944210052490e-01 1.436657458543777466e-01 7.450169324874877930e-02
2.998495101928710938e-01 1.653368771076202393e-01 1.069755926728248596e-01 2.237515002489089966e-01 1.957998983561992645e-02 -2.013393491506576538e-01 -5.824009329080581665e-02 -3.917381167411804199e-02 1.945580728352069855e-02 1.457985639572143555e-01 8.335980027914047241e-02 9.702318906784057617e-02 -1.454934328794479370e-01 3.763687238097190857e-02
fc1.bias
1.137436628341674805e-01 -2.298478186130523682e-01 1.393203437328338623e-01 -8.136875927448272705e-02
fc2.weight
-2.745089828968048096e-01 -4.579673409461975098e-01 2.823064029216766357e-01 5.441579222679138184e-01
-4.091593921184539795e-01 1.974748075008392334e-01 4.062484204769134521e-01 -4.591751471161842346e-02
fc2.bias
-3.733521997928619385e-01 9.741941094398498535e-02
