conv1.weight
7.228435277938842773e-01 -5.151528716087341309e-01 7.990812063217163086e-01
-6.060991287231445312e-01 -3.759012222290039062e-01 -1.459720730781555176e+00
conv1.bias
-7.745271921157836914e-01 1.573409676551818848e+00
fc1.weight
2.043894976377487183e-01 -2.411138266324996948e-01 -1.425932440906763077e-02 -5.307915806770324707e-02 -1.993221938610076904e-01 -9.808025509119033813e-02 5.285376682877540588e-02 -2.921301126480102539e-01 -2.650759220123291016e-01 -8.265709877014160156e-02 1.755363643169403076e-01 -2.782675251364707947e-02 -1.850637793540954590e-01 -2.641525492072105408e-02
4.711467921733856201e-01 1.822575032711029053e-01 2.673354148864746094e-01 4.238663613796234131e-01 3.384804129600524902e-01 3.537600040435791016e-01 8.893213272094726562e-01 -4.111716151237487793e-01 1.096383184194564819e-01 6.381773948669433594e-02 1.534193754196166992e-01 -5.370320677757263184e-01 -7.503808140754699707e-01 -4.983402192592620850e-01
7.599668502807617188e-01 -1.918791830539703369e-01 -4.532019793987274170e-01 -4.120695888996124268e-01 -3.557510972023010254e-01 -7.984218746423721313e-02 -7.567141652107238770e-01 9.827620387077331543e-01 -3.823783993721008301e-01 1.990581005811691284e-01 -2.193162143230438232e-01 4.769902825355529785e-01 1.407878100872039795e-01 -5.839612483978271484e-01
-9.953032135963439941e-01 -1.016994237899780273e+00 -7.422372102737426758e-01 5.622337460517883301e-01 9.003103971481323242e-01 3.042689710855484009e-02 9.812979698181152344e-01 -7.804118990898132324e-01 1.088816642761230469e+00 -5.103362202644348145e-01 -5.198617577552795410e-01 8.581768870353698730e-01 7.428568601608276367e-01 -7.398066520690917969e-01
fc1.bias
1.073295101523399353e-01 -7.886459827423095703e-01 9.368523359298706055e-01 -8.643096685409545898e-01
fc2.weight
-1.389023214578628540e-01 7.504931688308715820e-01 1.071693062782287598e+00 -7.183258533477783203e-01
-9.716562181711196899e-02 -8.732841610908508301e-01 -6.304628849029541016e-01 1.149214148521423340e+00
fc2.bias
-3.565324246883392334e-01 3.041330575942993164e-01
