conv1.weight
-8.211152553558349609e-01 9.966635704040527344e-01 2.422101944684982300e-01
-2.723999619483947754e-01 -3.782665133476257324e-01 3.948051929473876953e-01
conv1.bias
-3.210836648941040039e-01 1.160922765731811523e+00
fc1.weight
-5.581152439117431641e-01 -4.069637060165405273e-01 -3.115369081497192383e-01 -4.018902480602264404e-01 -2.824983298778533936e-01 -4.727139174938201904e-01 -5.444125533103942871e-01 4.935865402221679688e-01 5.772563219070434570e-01 5.682065337896347046e-02 4.403054416179656982e-01 4.951192140579223633e-01 4.143869876861572266e-01 -4.654256701469421387e-01
1.966033875942230225e-01 9.670640528202056885e-02 3.598356842994689941e-01 1.624036729335784912e-01 1.851247102022171021e-01 2.063430547714233398e-01 8.519121259450912476e-02 -1.486853212118148804e-01 -2.060895860195159912e-01 -5.315965786576271057e-02 -2.981687486171722412e-01 1.927327662706375122e-01 -1.751074641942977905e-01 -4.077738523483276367e-01
-1.760943979024887085e-01 -2.865595817565917969e-01 7.254420518875122070e-01 -7.669127583503723145e-01 4.844946563243865967e-01 -6.648365855216979980e-01 4.736194312572479248e-01 -6.890961527824401855e-01 3.480963110923767090e-01 6.727604866027832031e-01 6.386065483093261719e-01 -6.507111787796020508e-01 -2.979974448680877686e-01 -5.905345082283020020e-02
1.256884336471557617e-01 2.883730232715606689e-01 1.763172894716262817e-01 2.758021950721740723e-01 1.254307478666305542e-01 8.447892218828201294e-02 3.739572763442993164e-01 -3.018274009227752686e-01 -1.239151880145072937e-01 3.526387736201286316e-02 -3.834533095359802246e-01 -3.830899298191070557e-02 5.505482479929924011e-02 -3.108207583427429199e-01
fc1.bias
2.227517366409301758e-01 -5.027415752410888672e-01 -2.175207287073135376e-01 -5.751942992210388184e-01
fc2.weight
4.062127172946929932e-01 6.437252163887023926e-01 -8.526660203933715820e-01 4.653336703777313232e-01
-9.405989646911621094e-01 -1.501492410898208618e-01 1.437642127275466919e-01 -6.487202048301696777e-01
fc2.bias
1.658779941499233246e-02 6.142655611038208008e-01
