conv1.weight
-1.650752067565917969e+00 -1.150329470634460449e+00 1.830154299736022949e+00
1.538710594177246094e+00 -8.450637459754943848e-01 -1.958742588758468628e-01
conv1.bias
-7.739541120827198029e-03 1.333500504493713379e+00
fc1.weight
-1.637082099914550781e+00 4.562405645847320557e-01 1.501604676246643066e+00 9.153090119361877441e-01 -1.669491976499557495e-01 -9.438210129737854004e-01 5.415818691253662109e-01 -1.722728252410888672e+00 3.576676249504089355e-01 -7.174714803695678711e-01 5.707626342773437500e-01 1.343373060226440430e+00 -9.391149282455444336e-01 -1.163889169692993164e+00
1.876255869865417480e+00 -5.072043742984533310e-03 -1.158264398574829102e+00 -1.693952083587646484e-01 -4.500536918640136719e-01 1.014081239700317383e+00 1.153984546661376953e+00 -7.739178538322448730e-01 -2.214285284280776978e-01 4.150354862213134766e-01 -6.320915818214416504e-01 -6.052551865577697754e-01 -1.304749488830566406e+00 4.227495193481445312e-01
6.550752371549606323e-02 -5.580730438232421875e-01 4.742031395435333252e-01 7.443537712097167969e-01 1.986241936683654785e-01 -1.294639110565185547e-01 -4.900431334972381592e-01 1.113827347755432129e+00 7.191310524940490723e-01 -2.100589275360107422e-01 1.773564219474792480e-01 -5.155975222587585449e-01 7.485604286193847656e-01 2.876450717449188232e-01
-1.239816844463348389e-02 -1.638949364423751831e-01 -1.898956447839736938e-01 1.725656092166900635e-01 -2.470587790012359619e-01 -1.480895094573497772e-02 -1.422783136367797852e-01 1.779715158045291901e-02 -9.562483429908752441e-02 7.082910090684890747e-02 -7.267914712429046631e-02 -2.522461116313934326e-01 5.494472756981849670e-02 -3.183089792728424072e-01
fc1.bias
8.530810475349426270e-01 -8.561529517173767090e-01 6.402939558029174805e-01 1.582516133785247803e-01
fc2.weight
-1.533534288406372070e+00 -1.832631468772888184e+00 1.443865537643432617e+00 -5.434763059020042419e-02
1.522564053535461426e+00 1.187779188156127930e+00 -1.612408161163330078e+00 -6.189351901412010193e-02
fc2.bias
3.211244046688079834e-01 6.703058630228042603e-02
