conv1.weight
-3.230446204543113708e-02 -1.171999931335449219e+00 -9.252478480339050293e-01
1.149791240692138672e+00 4.466477334499359131e-01 6.687330603599548340e-01
conv1.bias
5.885529518127441406e-01 9.228602647781372070e-01
fc1.weight
-9.347368478775024414e-01 5.167147517204284668e-01 -4.911884069442749023e-01 -4.905796349048614502e-01 8.474339246749877930e-01 -1.924331299960613251e-02 7.204381823539733887e-01 1.455172896385192871e-01 -5.253695324063301086e-02 4.030393064022064209e-01 2.804523408412933350e-01 -4.703445732593536377e-01 7.433758676052093506e-02 -6.282833218574523926e-02
1.548239290714263916e-01 -1.152156144380569458e-01 -7.299916148185729980e-01 -8.238372206687927246e-01 -4.849695563316345215e-01 2.988639771938323975e-01 2.345394343137741089e-01 1.201563030481338501e-01 -2.734021469950675964e-02 2.626339793205261230e-01 -1.271064579486846924e-01 7.912909239530563354e-02 2.719832062721252441e-01 1.922955960035324097e-01
-1.378679126501083374e-01 -2.301637232303619385e-01 3.277323544025421143e-01 -6.380925769917666912e-04 -9.759687632322311401e-02 3.619659245014190674e-01 4.693259000778198242e-01 3.650251626968383789e-01 -6.263096630573272705e-02 1.929410248994827271e-01 1.296929568052291870e-01 -2.799072265625000000e-01 2.526304721832275391e-01 -2.728075683116912842e-01
9.659399837255477905e-02 -2.170183807611465454e-01 9.233056753873825073e-02 -8.388442397117614746e-01 -7.071404457092285156e-01 -4.733283817768096924e-02 -4.001318812370300293e-01 5.471010133624076843e-02 2.577293813228607178e-01 1.929690986871719360e-01 -9.188959747552871704e-02 -3.249114155769348145e-01 -2.400239408016204834e-01 -1.665919087827205658e-02
fc1.bias
-4.294987618923187256e-01 -4.370446130633354187e-02 8.429667949676513672e-01 -7.037107944488525391e-01
fc2.weight
-7.492303252220153809e-01 3.017939627170562744e-01 5.728855729103088379e-01 3.541944026947021484e-01
4.887660443782806396e-01 -5.975782275199890137e-01 -7.020168900489807129e-01 -9.666184894740581512e-03
fc2.bias
-2.519440650939941406e-01 4.741550087928771973e-01
