conv1.weight
-1.854095220565795898e+00 6.983569264411926270e-01 -1.571214079856872559e+00
-7.069140076637268066e-01 3.968461453914642334e-01 1.476899862289428711e+00
conv1.bias
-1.643800497055053711e+00 -2.237930536270141602e+00
fc1.weight
-1.740163803100585938e+00 -8.246340751647949219e-01 7.542962431907653809e-01 -1.139933586120605469e+00 1.574128508567810059e+00 8.570742607116699219e-01 1.118717789649963379e+00 -2.660390853881835938e+00 8.474911004304885864e-02 1.308673262596130371e+00 -5.892236232757568359e-01 -6.549199223518371582e-01 -7.307548522949218750e-01 1.757750868797302246e+00
3.041729331016540527e-01 -5.201215744018554688e-01 -5.745728611946105957e-01 9.738870859146118164e-01 -3.793569505214691162e-01 5.325217247009277344e-01 -7.259945273399353027e-01 -4.617548584938049316e-01 -2.222629189491271973e-01 -2.160379171371459961e+00 -1.125492930412292480e+00 -1.604157567024230957e+00 -3.066488981246948242e+00 7.068791389465332031e-01
3.531137853860855103e-02 4.170852303504943848e-01 -2.053139507770538330e-01 4.260526597499847412e-01 4.470598697662353516e-01 -1.020256131887435913e-01 -2.978391759097576141e-02 -1.380344271659851074e+00 -7.188397645950317383e-01 -1.387307643890380859e+00 -1.657018184661865234e+00 -1.406432747840881348e+00 -2.064403295516967773e+00 -1.626486897468566895e+00
8.323314189910888672e-01 -6.185607314109802246e-01 4.520705640316009521e-01 4.122469946742057800e-02 1.821403391659259796e-02 -6.237112283706665039e-01 9.903559684753417969e-01 3.227445483207702637e-01 3.062207996845245361e-01 9.209771752357482910e-01 -1.512565314769744873e-01 8.352404832839965820e-02 8.828476667404174805e-01 2.254826426506042480e-01
fc1.bias
-1.442388296127319336e+00 2.264451026916503906e+00 1.489859342575073242e+00 -1.231043934822082520e+00
fc2.weight
-1.815911769866943359e+00 2.600261688232421875e+00 3.034734487533569336e+00 1.023923277854919434e+00
1.714663386344909668e+00 -2.358026266098022461e+00 -3.169658422470092773e+00 -1.192176103591918945e+00
fc2.bias
-2.899507999420166016e+00 3.241847038269042969e+00
