conv1.weight
9.785709381103515625e-01 -1.365113496780395508e+00 -2.207192420959472656e+00
-8.072630763053894043e-01 -4.699303507804870605e-01 -2.153563976287841797e+00
conv1.bias
-5.982474684715270996e-01 2.051954746246337891e+00
fc1.weight
-2.239424735307693481e-01 -1.903585314750671387e+00 -7.626981139183044434e-01 -1.219682335853576660e+00 -1.434383273124694824e+00 -9.752502441406250000e-01 -1.034620046615600586e+00 -1.290302723646163940e-01 4.414046108722686768e-01 1.569310545921325684e+00 4.993640780448913574e-01 5.919713899493217468e-02 1.666403174400329590e+00 -3.982061445713043213e-01
7.843492031097412109e-01 -6.746847033500671387e-01 1.874565780162811279e-01 -3.100609481334686279e-01 -2.357208728790283203e-01 1.575183629989624023e+00 4.454997181892395020e-02 -6.571930050849914551e-01 -6.486254930496215820e-02 1.586634069681167603e-01 2.868867218494415283e-01 3.753098845481872559e-01 -8.161796927452087402e-01 -6.945763528347015381e-02
-2.632355690002441406e-01 2.887952029705047607e-01 3.166983723640441895e-01 7.309132069349288940e-02 -1.106973290443420410e-01 6.963229775428771973e-01 7.038609385490417480e-01 7.171303033828735352e-01 -3.903159201145172119e-01 -8.097559213638305664e-01 4.458428323268890381e-01 -1.580784320831298828e+00 -4.044295549392700195e-01 -2.398554831743240356e-01
-1.315317630767822266e+00 -5.876944661140441895e-01 -1.155769348144531250e+00 -1.839405536651611328e+00 -3.146562278270721436e-01 -2.942486107349395752e-01 -4.343761801719665527e-01 1.103139758110046387e+00 8.052946627140045166e-02 -4.966606199741363525e-02 7.240318059921264648e-01 -2.547463476657867432e-01 1.267699897289276123e-01 -3.700227290391921997e-02
fc1.bias
7.004476189613342285e-01 2.520775198936462402e-01 7.641887664794921875e-01 1.535658955574035645e+00
fc2.weight
2.376651287078857422e+00 1.313765764236450195e+00 1.650704145431518555e+00 1.439245223999023438e+00
-2.588934421539306641e+00 -1.169277191162109375e+00 -1.420733332633972168e+00 -2.046987295150756836e+00
fc2.bias
-2.794681072235107422e+00 2.313966989517211914e+00
