conv1.weight
8.137704730033874512e-01 -1.772944480180740356e-01 2.725761383771896362e-03
1.709162741899490356e-01 -2.661636844277381897e-02 -8.329522609710693359e-01
conv1.bias
4.340993762016296387e-01 -1.146435886621475220e-01
fc1.weight
-3.444633483886718750e-01 5.220982059836387634e-02 -2.144267708063125610e-01 -1.863780915737152100e-01 2.443448305130004883e-01 -2.146528959274291992e-01 2.784507870674133301e-01 1.231828480958938599e-01 4.964077472686767578e-01 -6.686399132013320923e-02 -4.800756275653839111e-01 2.805673480033874512e-01 -7.463823258876800537e-02 2.446385174989700317e-01
1.797322928905487061e-01 2.605708241462707520e-01 -3.220477327704429626e-02 -1.177459657192230225e-01 -1.412955969572067261e-01 3.560182750225067139e-01 1.710163354873657227e-01 2.510785162448883057e-01 -2.196369916200637817e-01 3.206207454204559326e-01 2.259353697299957275e-01 -1.467604637145996094e-01 4.177302420139312744e-01 -1.206765398383140564e-01
-7.686547935009002686e-02 -3.294895887374877930e-01 8.436428755521774292e-02 -2.230037450790405273e-01 3.038379848003387451e-01 1.527520567178726196e-01 -1.043128371238708496e-01 -2.397510707378387451e-01 -2.205380648374557495e-01 -1.650735437870025635e-01 3.525988161563873291e-01 -9.038641303777694702e-02 1.695235073566436768e-02 8.890772610902786255e-02
1.926796585321426392e-01 1.237092688679695129e-01 6.173990666866302490e-02 -1.964122503995895386e-01 -3.189387917518615723e-01 2.045999020338058472e-01 -1.210555713623762131e-02 -1.354495882987976074e-01 -1.924512833356857300e-01 -7.486267480999231339e-03 1.018360033631324768e-01 -2.334735244512557983e-01 2.851020917296409607e-02 -1.822032034397125244e-01
fc1.bias
-5.673567578196525574e-02 1.397669464349746704e-01 7.204328477382659912e-02 -2.214634120464324951e-01
fc2.weight
-4.653165340423583984e-01 1.575673371553421021e-01 -6.301363110542297363e-01 -1.068626046180725098e-01
8.598299622535705566e-01 -6.204542517662048340e-01 2.035135179758071899e-01 2.116854302585124969e-02
fc2.bias
1.972940117120742798e-01 1.502398401498794556e-01
