0.2340, 0.4446, 1.3065
-0.2340, -0.4953, -0.4953
-0.2847, -0.4875, 1.1037
-0.3276, -0.4953, 1.0803
-0.4602, -0.4992, 1.1349
NotFalling
-0.2730, -0.4992, -0.4758
0.3315, 0.4953, 1.4820
-0.1989, 0.4758, -0.4134
-0.2379, -0.4914, 1.1505
-0.3276, 0.4953, 1.2129
NotFalling
0.3315, -0.2379, 1.4937
-0.3432, -0.4914, -0.4329
0.2535, 0.4329, 1.3611
0.1716, 0.3510, 1.3065
-0.2886, -0.4914, 0.4953
NotFalling
-0.1599, -0.1053, 1.2207
-0.2067, -0.1911, 1.1661
0.1638, 0.1794, 1.2480
-0.2925, -0.2691, 1.2714
0.0897, -0.1170, 1.3728
NotFalling
-0.2574, 0.2730, 1.0101
-0.2730, -0.1326, -0.1404
-0.3120, 0.1404, 1.1388
-0.6162, -0.3783, -0.3120
-0.1677, -0.4992, -0.3042
NotFalling
-0.4953, 0.4797, -0.3432
1.1583, -0.4836, 5.3274
-0.1872, -0.3120, 1.3728
-0.1404, 0.0975, 1.0452
-0.1638, 0.0741, -0.0819
Falling
-0.3510, 0.2028, -0.1755
-0.3822, 0.4329, -0.4368
-0.1599, -1.9383, 3.2721
-0.1131, 0.3510, 1.2519
-0.1248, 0.3315, 1.0764
Falling
-0.3549, 0.4914, -0.4953
-0.3237, -0.4485, 4.1418
-0.0741, 0.3081, 1.3884
-0.0936, 0.3198, 0.9984
-0.0897, 0.2808, -0.0507
Falling
-0.4446, -0.4797, -0.3666
-0.3471, 0.2145, -0.1794
0.1326, 0.1209, 1.0062
0.1677, 0.3315, 1.1739
-0.1287, 0.2418, 1.2363
NotFalling
-0.1989, 0.2379, -0.0741
-0.1326, 0.2028, -0.0858
-0.1404, 0.2496, 0.9984
-0.2067, 0.2613, -0.0546
-0.3783, 0.2457, 1.0179
NotFalling
-0.3939, 0.3588, -0.4914
0.3003, 0.4953, 1.1856
0.3237, -0.4875, 1.3533
0.0585, -0.4992, 1.0062
-0.1560, 0.3276, -0.2925
NotFalling
0.2223, 0.3666, -0.4953
-0.4758, -0.5655, 2.1216
0.2769, 0.2340, 1.1973
0.2691, 0.1482, 1.0998
0.1170, 0.3003, 1.1427
Falling
-0.6435, -0.3900, -0.4563
-0.3159, -0.2574, -0.4134
-0.7605, -0.4017, -0.4953
-0.7566, -0.4524, 0.4329
-0.5460, 1.0296, 0.4368
NotFalling
-0.9477, 0.3042, 0.3705
-0.9594, -0.4914, 0.2652
-0.8346, -0.4329, 0.1716
-0.6630, -0.2145, -0.2496
-0.5031, -0.1521, -0.4329
NotFalling
-0.2691, -0.3861, -0.1677
-0.4680, -0.4407, -0.4797
-0.4134, 1.0530, -0.4563
-0.4563, -0.3978, -0.4953
-0.3588, -0.3978, 0.4719
NotFalling
-0.8463, -0.4875, -0.2652
-0.8034, -0.4290, -0.2106
-0.9477, -0.4680, -0.2067
-0.9984, -0.4992, 0.2691
-0.8931, -0.4992, 0.1482
NotFalling
1.0491, 0.3627, -0.4797
0.9984, -0.1287, -0.6513
1.0296, 0.2145, -0.5499
1.0920, 0.2301, -0.2886
1.0218, 0.1638, 0.2067
NotFalling
-0.4134, -0.4875, 1.0491
-0.2145, 0.4797, 1.0569
1.4274, 0.4758, -0.7488
-0.2301, 0.2379, -0.7371
1.1856, 0.1677, -0.4719
NotFalling
-0.4953, 1.0257, -0.5343
0.4329, 1.2870, -0.4953
0.2652, -0.4953, -0.3900
0.3120, -0.4992, -0.3549
0.4641, -0.4719, -0.4680
NotFalling
1.0023, 0.2847, 0.3315
1.9968, -0.7020, -1.5054
1.0569, -0.1365, -0.2730
1.0335, -0.1209, -0.2496
1.2324, -0.3705, -0.1794
Falling
1.0374, 0.1248, 0.1014
4.2666, 0.4797, 2.1333
1.3260, 1.1310, -1.7043
1.1037, 0.4290, -0.0975
1.0569, 0.2769, 0.1092
Falling
-0.6318, 0.4875, -0.4992
4.0131, 1.1778, 8.4123
-0.2652, 0.0702, 1.0491
-0.3705, -0.3900, 1.2714
-0.5304, -0.5499, 1.0569
Falling
-0.4641, -0.7176, 1.2207
-0.2028, 0.1014, 1.2558
-0.1755, 0.1014, 1.0101
-0.2457, -0.1443, 1.1661
-0.2964, -0.2847, 1.1388
NotFalling
0.2886, -1.5444, 1.1037
0.2652, 0.4017, 1.2207
0.1443, -0.4992, 1.2558
-0.3432, 0.3432, 1.2129
-0.4095, -0.3588, 1.1505
NotFalling
-0.3276, -0.9984, -0.6084
-0.5031, -0.8541, -0.3432
-0.4329, -0.6396, -0.9633
0.0546, -0.6357, -0.9984
-0.3549, -0.7605, -0.8502
NotFalling
-0.9438, -0.6435, -0.4212
-0.8931, -0.9438, -0.7059
-0.7215, -0.9984, -0.7761
-0.8697, -0.6669, 0.4056
-0.8775, -0.8502, 0.4251
NotFalling
-0.9555, -0.4953, -0.2457
-0.9984, 1.1271, -0.7371
-0.9789, -0.4914, -0.6786
-0.9945, 0.4836, 0.2184
-0.9789, -0.4992, -0.3705
NotFalling
0.1638, -0.4251, -0.7605
-0.4914, 0.4953, -0.9087
0.4251, 0.4914, -0.9126
-0.4992, 1.1349, -0.9048
-0.3237, 1.0647, -0.4953
NotFalling
-0.8034, -0.4797, -0.5889
-0.7761, -0.4485, -0.3471
-0.7566, -0.4680, -0.3042
-0.5577, 3.3579, -1.8525
0.1755, 1.3455, -0.8580
Falling
-0.7449, -0.3705, -0.2301
-0.9906, 5.1402, 0.3666
0.4134, 1.3611, -2.6364
0.2379, -0.3549, -0.8229
-0.4875, 1.3533, -0.6942
Falling
-0.8463, -0.4992, 0.3588
-5.9124, 3.1356, 1.3767
-0.7995, -0.4953, 0.4953
-0.9789, -0.4641, 0.4914
-0.9399, -0.4836, -0.4992
Falling
-0.4641, 0.3939, -0.4212
-0.7605, -5.8695, 7.0941
-0.2925, 0.0975, 1.3026
-0.2028, 0.1677, 1.2987
-0.4407, 0.1404, 1.1349
Falling
-0.5460, -0.4290, -0.2301
-0.8658, 1.3845, -0.9828
-0.6279, 1.1934, -0.6552
-0.4329, -0.0780, -0.4368
-0.5616, -0.2184, -0.5616
NotFalling
-0.4641, -0.4446, -0.2652
-0.8658, 0.4095, -1.5288
0.3003, -0.4914, -0.9945
0.1209, -0.2457, -0.6747
-0.4524, 1.2636, -0.8151
NotFalling
-0.8151, -0.4992, 0.4329
-0.9594, -0.6786, 3.2760
-0.5304, 0.2067, 1.3065
-0.3159, 0.1989, 1.1037
-0.5148, -0.2535, 1.0959
Falling
1.2753, -0.4992, -0.6084
1.3260, 1.0296, 1.3767
0.1326, 0.4875, 1.0608
0.2379, -0.4992, 1.0023
0.2730, 1.0101, -0.3666
Falling
0.3432, 0.1794, -0.9984
0.2808, 0.1131, -0.9750
1.1739, 1.2285, -2.9328
0.1833, 1.0140, -1.5639
0.1404, 0.4953, -0.9906
Falling
-0.9711, 0.2262, -0.2028
-0.9750, 0.4407, -0.1872
-1.8993, 12.2889, -3.8259
-1.9422, 1.3260, 1.1271
-0.7137, 0.4641, -0.8580
Falling
1.0686, 0.2028, 0.2886
6.3726, 0.4602, 1.3221
1.0374, 0.3315, 1.2285
-0.4992, 0.2847, 1.0335
-0.4875, -0.5577, 1.4157
Falling
-0.1014, -0.4992, -0.9828
-0.1443, -0.4992, -0.9828
-0.2184, 1.4040, -0.9867
-0.5382, 1.4820, 0.4758
-0.5694, 0.4368, -0.4407
NotFalling
-0.5109, 1.0881, -0.6123
-0.5226, -0.2340, 0.2496
-0.4524, 0.9984, 0.1833
-0.5382, 2.0124, -0.8892
-0.2145, 1.4742, -0.5850
NotFalling
-0.2223, -0.4095, -0.3744
0.2028, 1.1154, -0.4914
0.3588, -0.2418, -0.4836
0.4056, -0.3510, -0.4212
2.1138, -4.7970, 0.4680
Falling
0.2457, 0.4953, 1.4898
-0.4251, 0.2847, -0.3159
-0.4953, 0.2496, -0.3159
-0.5460, 0.4563, 0.4758
1.3689, -5.8929, 2.1255
Falling
-0.4407, 0.9984, -0.2262
-0.4095, 0.9984, -0.2067
-0.4212, -0.0507, -0.2379
-0.3705, 0.4329, -0.4641
-1.7082, 6.2049, 2.4687
Falling
-0.1560, -0.3588, 1.2129
0.1365, -0.4953, 1.0062
-0.1521, 1.3065, 1.3728
-0.2613, 1.4040, -0.4914
0.3588, -0.4992, 1.3884
NotFalling
-0.1053, 0.3861, 1.4625
-0.1950, 0.4875, 1.2909
-0.5499, 0.4836, -0.4914
-0.5265, 0.4914, 1.4430
-0.0858, 0.3588, 2.4297
NotFalling
-0.4368, -0.4953, 1.1661
-0.6552, 1.3221, -0.4602
-0.5226, 1.1895, -0.5928
-0.4758, 1.4547, -0.5187
1.2714, 2.0709, -0.9828
NotFalling
-0.4641, 0.2535, 1.0218
-0.4563, 1.4937, 1.0023
1.3689, 0.4914, 0.4953
1.0296, 0.4719, 1.2441
-0.4875, 0.4641, 1.4820
NotFalling
-0.9945, 0.1248, 0.0975
-0.9945, 0.1365, 0.0507
-0.9867, 0.2613, -0.1131
-3.5490, -2.9367, -1.5522
-0.9906, -0.8814, -0.5304
Falling
-0.7722, -0.4212, 0.2808
-0.6435, -0.4758, 0.1794
-0.8151, 2.4531, 4.2978
-0.0858, -0.4992, 1.1466
-0.1794, -0.4329, 1.2714
Falling
-0.2964, 1.0686, -0.4992
-0.3159, 1.3299, -0.2223
0.4485, 1.2948, 0.4914
0.4836, -0.4875, -0.4992
0.3432, -0.4992, 1.1934
NotFalling
-0.8736, -3.6426, 4.1379
-0.2808, -0.0702, 1.3299
-0.5070, -0.3120, 1.2714
-0.4446, -0.5538, -0.4875
-0.2418, -0.4992, 1.2519
Falling
1.2129, 0.3900, 0.2418
1.0881, 0.2223, 0.1131
1.1037, 0.2691, 0.2496
11.0292, 1.3338, 1.2675
-0.3705, -0.4758, -0.4992
Falling
-0.9711, 0.4173, -0.4992
-0.9594, 0.3861, 0.3627
-0.9243, 0.4914, 0.2652
-2.7105, -0.8580, 1.3767
-0.9087, -0.0624, -0.4914
Falling
0.2808, 1.0140, 0.3471
0.2808, 1.0647, 0.4914
0.1716, 1.0257, 0.3081
1.2441, -2.7495, 4.4265
-0.1209, 0.3588, 1.0803
Falling
0.1716, 1.2246, -0.4992
0.3432, 1.4898, 0.4953
0.2067, 1.4898, 0.3042
-0.1287, 1.2870, 0.2886
-0.3978, 1.3143, -0.4992
NotFalling
3.3618, 13.1664, 4.3290
3.4749, 11.4621, 6.2751
5.4249, 14.3598, 8.3850
5.1363, 15.4713, 10.4325
3.0303, 10.4403, 6.4740
NotFalling
4.3095, 8.2836, 7.4334
3.3033, 8.0028, 7.3593
5.2845, 9.0636, 8.1159
5.1870, 8.3928, 8.3577
4.4616, 8.3733, 10.2492
NotFalling
5.3898, 12.0861, 9.3873
6.3297, 11.4036, -7.7688
6.3063, 14.0166, 14.0478
8.1432, 15.3387, 15.4635
8.0223, 10.2921, 15.3894
NotFalling
-0.7371, 0.4953, -0.4914
-0.7137, 0.3822, -0.4953
-0.7917, -3.8883, 5.2494
-0.4797, -0.1287, 1.1817
-0.4095, -0.2379, 1.1895
Falling
6.4584, -5.8461, -5.5341
5.0622, 11.1345, -6.8757
12.3708, 6.2322, -6.7782
11.4309, 9.4029, -4.8009
11.0565, 15.4479, -8.9388
NotFalling
2.2854, 8.1471, 11.0292
8.0340, -6.7275, 8.4201
8.2680, -7.6713, 12.3591
11.2320, -8.6775, 6.0567
9.0012, 6.3336, 11.4738
NotFalling
-0.9984, 1.4196, 1.3806
-0.8892, -0.4914, 1.1544
-0.8190, 0.4836, 1.0101
-0.8112, 0.3237, -0.4953
1.0764, -4.6644, 3.2058
Falling
-0.9243, -0.4992, -0.4914
-0.9438, 1.1583, 0.4875
0.4836, 1.3455, 1.4820
-0.7371, 1.4937, -0.4641
-0.8814, 1.2987, 1.3884
NotFalling
-0.4173, 0.1677, 1.0374
-0.4992, 0.1638, 1.0101
-0.7098, -0.4758, 1.0569
-0.5460, 1.0413, 0.4914
-0.3705, -0.4836, -0.9009
NotFalling
-8.9700, 2.3712, -1.9617
-10.5612, 2.1957, -3.8766
9.4458, 2.4648, -3.9273
10.0464, 4.1223, -4.7463
10.0347, 6.3258, -3.6933
NotFalling
7.3515, 11.2320, 13.3185
6.0918, 8.9856, 14.0205
5.2884, 10.4793, 5.3196
5.1714, 14.4417, -5.9085
8.0028, 12.1368, 10.2141
NotFalling
12.2343, 2.4921, 1.3455
-6.9186, 5.2455, 3.2175
-6.9459, 3.1278, 3.3930
5.4873, -6.6924, 2.4609
9.4185, 4.4421, 3.2214
NotFalling
8.2836, 10.3584, 5.3508
7.2618, -5.6550, 10.9941
6.3726, 9.2118, -7.8624
7.1487, 10.2063, 15.3192
7.0512, 12.2772, 15.0813
NotFalling
11.0331, -6.5442, -3.7518
11.4543, -6.8562, -4.9530
9.0207, -6.7587, -4.7619
9.4692, -5.8773, 3.4554
-0.4953, 1.1505, 0.4251
NotFalling
-0.6435, 0.4953, -0.3744
-0.8346, 0.4836, -0.4992
-0.6708, 0.4914, 0.4953
-0.5694, -2.5467, 4.1223
-0.5187, 0.2262, 1.3182
Falling
-0.9906, 0.4797, -0.2457
-2.7729, -1.9422, 1.4040
-0.8073, -0.6864, 0.4875
-0.7878, -0.6279, -0.4914
-0.9750, -0.8931, -0.4953
Falling
-0.7878, -0.4992, -0.6435
-0.4836, 1.2090, 2.2854
-0.7644, -0.4953, -0.2808
1.1037, 0.4368, 0.4797
-1.8642, -0.4797, 1.1739
NotFalling
2.4453, 8.0067, -2.9562
3.1356, 5.3313, 7.1721
5.2455, 7.4412, 7.1604
4.3524, 7.3554, -5.5146
-1.8915, 4.0326, -7.5426
NotFalling
2.3790, 6.4506, -5.5068
2.2347, 7.3398, -5.8188
1.4157, 5.4405, 4.4226
2.3751, 7.1097, 6.2556
1.3767, 2.2932, 3.3072
NotFalling
2.2152, 7.4451, -4.6098
3.0342, 8.1042, -5.9124
2.4609, 7.3203, -4.9296
2.3634, 7.9950, -5.9241
3.2097, 6.2010, -4.7073
NotFalling
-0.5070, 0.4914, 1.0179
-0.6669, 1.4001, 0.4095
-0.6630, 1.3026, 0.3549
-0.5109, 1.0101, 1.0725
-0.4953, 1.0335, 1.2285
NotFalling
8.0691, 3.4866, 1.4781
8.2329, 5.0739, 1.4703
9.0012, 5.4678, 2.0787
9.4302, 6.0294, 1.4274
7.1526, 5.1519, 2.4180
NotFalling
-0.9789, -0.4914, -0.5967
-0.9048, 1.1622, -0.8034
-0.6864, -0.4485, -0.4680
-0.6864, -0.4134, -0.4992
-1.8369, 2.1255, -0.3471
Falling
10.4403, -5.8461, 13.0533
-1.6965, 6.0879, 5.2845
5.3079, 11.2086, -7.5933
8.1939, 15.4635, 8.0691
8.1315, 13.3770, -6.8094
NotFalling
-0.9477, 0.4758, 1.4742
-0.6864, 0.3627, -0.4992
-0.6396, 1.2090, 4.1028
-0.3861, -0.1833, 1.2363
-0.5265, -0.3861, 1.2285
Falling
-4.7541, -1.8252, 1.4040
-0.8151, -0.2808, 1.2753
-0.6630, -0.2145, -0.3549
-0.7644, -0.4368, 1.2636
-0.6123, -0.6474, -0.4602
Falling
2.2620, 7.4646, 4.0716
3.1161, 8.4084, -5.6394
3.4359, 8.1042, 6.1971
3.2643, 8.4006, -5.6160
2.1567, 5.4405, -3.6933
NotFalling
2.1333, 4.4187, -4.6956
5.4288, 11.2281, -4.7151
7.1682, 12.9909, -4.5084
7.4256, 14.3052, -2.8821
-0.7527, 1.4079, 1.0413
NotFalling
-0.5616, 1.0218, -0.4680
-0.5967, -0.4953, -0.7449
-0.5070, 1.1310, -0.4797
-0.3783, -0.4992, 1.0296
-0.1365, 0.3861, 1.1193
NotFalling
0.0117, 0.0546, -0.0195
0.0117, 0.0546, -0.0195
0.0117, 0.0546, -0.0234
0.0156, 0.0507, -0.0234
0.0117, 0.0546, -0.0195
NotFalling
0.0156, 0.0585, -0.0273
0.0117, 0.0624, -0.0273
0.0117, 0.0585, -0.0195
0.0117, 0.0585, -0.0195
0.0117, 0.0546, -0.0195
NotFalling
0.0078, 1.1037, -0.1326
0.0078, 1.0881, -0.0741
0.0078, 1.0920, -0.0780
0.0117, 1.0881, -0.0780
0.0117, 1.0920, -0.0741
NotFalling
-0.1404, 1.1310, -0.2145
-0.9672, 0.4641, 8.0535
-0.2262, -0.4992, 1.3767
-0.4368, 0.4914, 1.1544
-0.6045, 0.4875, 1.1661
Falling
0.0039, -0.7917, -0.5031
0.0078, -0.7956, -0.5070
0.0078, -0.7956, -0.5070
0.0039, -0.7956, -0.5031
0.0039, -0.7956, -0.5031
NotFalling
-0.3549, -0.7293, 0.0312
-0.3549, -0.7254, -0.0312
-0.3471, -0.7254, -0.0234
-0.3510, -0.7293, -0.0117
-0.3627, -0.7371, -0.0078
NotFalling
-0.9906, -0.4836, 1.0062
-0.9321, -0.4641, 0.4836
-0.9867, -0.4992, 0.4368
-0.8775, -0.4992, 0.4953
-0.9867, -0.4992, 0.4095
NotFalling
-0.9906, -0.4992, -0.3861
-7.8624, 1.3533, -0.9906
-0.7566, 0.4953, -0.9867
-0.8970, 1.2987, -0.9789
-0.8970, -0.4953, -0.7410
Falling
-0.3978, 0.1053, -0.1950
-0.7722, 0.4251, 2.3088
-0.2964, 0.1521, 1.4898
-0.2496, 0.1599, 1.0881
-0.2496, 0.1131, 1.1466
Falling
-0.9009, -0.7917, -0.4758
-0.8268, -0.4953, -0.4953
-0.7293, 0.3471, -0.4875
-0.6162, 0.4914, 1.3572
-0.1287, 0.3315, 1.4430
NotFalling
-0.7761, 0.3783, -0.8424
-0.9438, -0.4953, 0.2808
-0.9984, 0.4914, -0.9321
-0.8424, 0.4524, -0.8892
-1.5639, 0.4602, 0.4758
NotFalling
0.4914, 0.4719, -0.9009
-0.4836, 0.3354, -0.8424
2.2659, 2.0163, -1.6263
0.4602, 1.4235, -0.9087
-0.4017, 1.0608, -0.4914
Falling
-0.7410, 1.0491, 0.2145
-0.6981, -0.2574, 0.2574
-0.7176, -0.3939, 0.3003
-0.6318, -0.4836, 0.2535
-0.6318, -1.9851, 1.2753
Falling
-0.6825, 0.2574, -0.2613
-0.6786, 0.3978, -0.2886
-0.6318, 0.3861, -0.2691
-0.5889, -6.7821, 7.3788
-0.5304, -0.7215, 1.4742
Falling
4.2900, 4.2237, -4.7970
6.0528, 12.2967, 14.0556
5.4288, 7.3983, -4.7112
5.1831, 14.3052, 8.2875
5.2689, 13.4511, 5.4522
NotFalling
12.1485, 2.1567, -3.9702
1.3884, 7.0122, -0.6903
13.4121, 10.9863, 7.3476
2.0787, -2.7807, -0.7683
5.1636, -10.9005, 15.2490
NotFalling
6.3453, -15.6663, 5.4756
0.4914, -1.9734, 1.2870
6.3102, -14.7264, 7.4256
8.2095, -15.9549, 4.0482
5.4561, -15.9198, 8.1705
NotFalling
-0.8151, 0.4368, -0.5850
1.0842, 1.0764, -0.5616
10.2024, 15.0657, 5.4015
-0.4992, 1.2675, -0.2496
-0.4524, 1.2519, -0.1716
NotFalling
-0.9282, 1.1973, 0.2457
-0.8775, -0.4992, -0.5772
6.1074, -4.7736, -0.6786
10.1049, -13.8099, 5.3196
-0.3471, 1.4781, -0.5148
NotFalling
-0.8697, -0.8151, 0.4953
13.0533, 9.9879, -1.7628
2.4921, -15.9705, -2.7885
-0.4953, -0.8619, 0.4017
7.1331, -1.6536, 1.1934
NotFalling
-0.7020, -0.4992, -0.4719
-0.4914, -0.4875, 0.4836
-0.6747, -4.5084, 8.3109
-0.3120, 0.1521, 1.1895
-0.3276, -0.1560, 1.1700
Falling
-0.6942, -0.4914, -0.2535
-0.6669, -0.3042, -0.3237
-0.6279, -0.4524, -0.1209
-0.4485, 5.3079, 1.0491
0.1014, 1.3416, 0.4953
Falling
-0.7410, 1.4235, -0.5265
-0.7020, -0.4836, -0.7215
15.3309, -10.7991, 1.1895
4.0872, 3.2799, 7.0902
-0.1677, 1.4859, 0.3354
NotFalling
-0.3510, -0.3237, -0.5226
-5.9904, 2.0748, -0.9789
6.2634, -9.8670, -1.7706
6.3648, -3.9936, -0.9984
1.0140, -0.3432, -0.2145
NotFalling
15.3543, -15.5805, 8.3928
-0.4875, 1.3572, -0.3978
9.4029, -15.9432, 6.2010
5.4717, -15.7053, 7.2306
1.0257, 1.1856, -0.9711
NotFalling
11.0643, 15.1203, -7.9677
13.3653, 12.1056, -7.9599
13.0143, 14.2194, -9.4965
7.2657, 11.0487, 7.0278
6.3375, 12.3162, 5.0661
NotFalling
-0.8658, 0.4914, -0.2340
-1.8330, 2.1918, 0.4953
-0.9555, -0.3705, -0.3978
-0.9087, -0.4134, 0.3276
-0.9048, 1.0764, -0.4953
Falling
-0.6591, -0.4992, -0.4992
-0.5967, 0.4953, -0.4914
-0.5655, 0.4914, -0.3900
-0.5070, 1.4157, 1.3923
-0.8970, -2.7573, 1.2987
Falling
13.4121, -2.7417, -9.7929
14.2077, 15.2646, -9.8748
13.4745, 15.4050, -8.7516
15.2256, 4.0404, -12.9714
0.4680, 1.4157, 1.4625
NotFalling
-3.5217, -8.7828, -0.9867
4.0989, -7.6518, -1.5639
-2.8002, -7.6479, -0.7410
0.2925, -0.8346, -0.5070
-0.3471, -0.6669, 1.1700
NotFalling
-0.2262, 0.1989, 1.1271
-0.3354, 0.3198, 1.2948
-0.4797, -0.4875, 1.0998
-0.5850, -0.4953, 0.4953
-0.5889, -0.4953, -0.4368
NotFalling
-0.1560, 0.2613, -0.0546
-0.1560, 0.2496, -0.0429
-0.1560, 0.2496, -0.0507
-0.1521, 0.2496, -0.0429
-0.1521, 0.2457, -0.0507
NotFalling
3.2721, 6.2829, -9.8358
14.1141, 4.1691, -8.5254
12.0783, 5.4093, -10.6431
15.0813, 14.9760, -9.8982
13.3068, 13.1547, -9.7851
NotFalling
-0.6162, -0.4953, 0.4914
-0.6084, 0.4953, -0.4758
-1.5951, -0.9477, 7.3047
-0.6123, -0.3978, 1.2285
-0.3666, 0.2730, 1.0725
Falling
-0.2496, 1.1661, 0.4836
-0.4992, 1.1310, 0.4056
-0.4992, -0.2379, 0.3237
-0.4875, -0.2262, 0.2496
2.0163, 2.1411, 1.4040
Falling
-0.2808, -0.4992, 1.4703
-0.6552, -0.4875, -0.4953
-0.6864, -0.4953, -0.4875
-0.6279, -8.7048, 9.2196
-0.4602, -0.3042, 1.2207
Falling
0.4290, 0.4953, 1.0764
-0.7293, -0.4992, -0.4992
-0.7020, -0.4992, 0.4953
-0.7722, -5.5380, 6.2985
-0.3744, 0.3900, 1.2441
Falling
0.1131, 1.0452, 0.1599
1.3728, 4.9998, 5.1597
0.3159, -0.4602, 1.2012
0.1833, -0.3315, -0.3861
-0.3978, 1.1778, 0.4953
Falling
-0.7176, 0.3783, 0.4914
-0.9438, -2.7417, 2.3361
-0.2886, -0.4953, 1.2675
-0.4641, 0.4914, 1.2441
-0.5538, -0.4914, 1.1856
NotFalling
-0.7605, -0.4992, 0.3822
-0.7137, -0.4992, -0.4992
-0.3237, -0.4914, 1.0257
-0.6279, 1.3806, -0.4953
-0.5070, -0.2847, 0.2379
NotFalling
9.1806, 10.3896, 13.2210
-0.5070, 1.3923, 0.3588
-0.5733, 1.2090, 0.2028
2.9991, 12.3396, 2.0514
-0.7449, 1.1583, 0.1482
NotFalling
-0.2028, 1.4859, -0.4953
-0.4446, 1.0413, -0.1911
12.2148, 15.4713, 3.0303
-0.4329, 1.4820, -0.5577
12.2811, -15.7365, 3.1317
NotFalling
-0.7839, -0.4758, -0.4836
-0.7488, 0.4953, -0.4797
-0.7761, -4.5942, 8.2524
-0.5382, 0.2574, 1.0803
-0.3471, 0.4719, 1.0686
Falling
0.4173, -0.4953, 1.4781
-0.5772, -0.4992, 1.0686
-0.6903, 0.4914, -0.4680
-0.6279, -0.4992, -0.4680
-1.6653, -2.6364, 2.0631
Falling
0.2535, 0.4836, -0.1365
0.2535, 0.4719, -0.1287
0.2535, 0.4797, -0.1287
0.2574, 0.4953, -0.1404
0.2496, -0.4992, -0.1677
NotFalling
-0.5928, -0.4017, -0.4485
-2.6091, 2.3322, -1.5561
-0.3744, 1.3611, -0.9711
-0.3861, 1.1622, -0.9633
-0.8268, 0.4953, -0.7332
Falling
0.0741, 1.0179, -0.5382
0.4797, 10.1907, 2.4648
0.2457, -0.4758, -0.4017
-0.3510, 1.0413, 0.4719
-0.2613, 1.0296, 1.0140
Falling
-0.6006, 1.0257, -0.5655
14.1219, 14.2116, 5.3274
0.4602, 1.2870, -0.8502
0.3822, 1.4352, 0.2067
-0.7098, 1.2441, 0.3003
NotFalling
12.1485, 2.4843, -8.6502
14.4456, 15.2685, -8.6502
12.1485, 14.9955, -5.7018
11.3373, 13.0572, -8.6502
10.2258, 10.0035, -2.9094
NotFalling
-0.7059, -0.4758, 0.4953
-0.6630, 0.4953, -0.4992
-0.6864, -0.4953, 0.4875
-2.5935, -6.6027, 7.1994
-0.4836, 0.2535, -0.2067
Falling
-1.7745, -3.5373, 7.0941
-0.3861, 0.1482, -0.1326
-0.3939, 0.3549, 1.0725
-0.6240, -0.4992, 1.2012
-0.2730, 0.2925, 1.1973
Falling
-0.3393, 1.0179, -0.4992
-0.3471, -0.4602, -0.4368
-0.8775, -7.6830, 7.3632
-0.4290, 0.2028, 1.0686
-0.3276, 0.2613, 1.0062
Falling
1.0452, -0.0936, -0.1131
1.0374, -0.2418, -0.1209
15.4518, 4.3095, 7.0005
12.0939, 2.2425, 4.0443
1.2402, 0.4212, 0.3276
NotFalling
-0.3315, -0.4914, -0.4992
-1.5249, -1.6341, 2.0046
-0.3237, 0.2613, 1.1349
-0.3627, 0.2847, 1.0218
-0.5070, -0.4992, 1.0881
Falling
-0.4914, -0.4992, -0.4992
-0.5382, 0.4836, -0.4446
-0.8502, -2.5701, 5.4093
-0.4251, 0.2145, 1.0491
-0.4212, 0.2613, 1.0569
Falling
-0.1092, 0.4602, -0.2535
-0.1014, 0.4017, 1.0725
-0.0780, 0.4446, 1.0491
-0.2106, 0.4368, 1.1310
-0.2496, -0.4992, -0.4953
NotFalling
-0.6435, -0.2301, -0.9477
-0.4524, -0.2418, -0.9633
0.2769, -0.3237, -1.7394
-0.2574, 0.4524, -0.9594
0.0117, 0.2379, -0.9789
NotFalling
0.0156, 0.2106, -0.9672
0.0156, 0.2067, -0.9711
0.0117, 0.2106, -0.9672
0.0195, 0.2223, -0.9711
0.0585, 0.4173, -0.9867
NotFalling
0.0624, 0.0312, -0.9711
0.0819, 0.1092, -0.9945
-0.2301, -0.1365, -0.9945
-0.8151, -0.2886, -0.9126
-0.9321, -0.3900, -0.2652
NotFalling
-1.9032, -5.9319, -4.8204
-1.9422, -4.5903, -6.5598
-1.7511, 3.0810, -5.7954
-1.9422, -3.9897, -5.9163
-1.6068, -3.7401, -4.8594
NotFalling
-2.8353, 2.0514, 2.2737
-0.8112, 1.4664, -0.9906
-0.9165, 1.4742, -0.8229
-0.9750, 1.4820, 0.4017
-1.6107, -0.6942, 1.4430
NotFalling
-0.9945, -0.4992, 0.2379
-0.9906, -0.4992, 0.1014
-0.8892, 0.4914, -0.1326
-0.7644, -5.5887, 4.2354
-0.7956, -0.4914, 1.1583
Falling
2.1372, 3.4632, 1.4235
0.4368, -0.4953, 1.0686
0.3666, 1.1154, -0.4680
0.4953, 1.3884, 0.2379
0.3120, 1.2870, -0.4875
Falling
-0.3861, -0.4407, -0.4992
-0.9711, -8.8647, 5.4210
-0.3471, 0.1443, 1.1817
-0.3705, 0.3705, 1.0491
-0.4329, 0.4953, 1.1115
Falling
-0.7722, 1.0023, -0.6591
-0.3588, 1.0920, 1.0647
-0.2418, 0.4953, 1.1583
-0.1677, -0.4953, -0.3354
0.1443, -0.4602, 1.1973
NotFalling
-0.4602, -0.4992, 0.4836
-1.7004, -4.9179, 4.1145
-0.4836, 0.1677, 1.0140
-0.3822, 0.2652, 1.0608
-0.6708, -0.4758, 1.2753
Falling
-0.4641, 0.1287, 1.0920
-0.3978, 0.3705, -0.4290
-1.7706, -3.9234, 3.4281
-0.5070, 0.3081, 1.3338
-0.4329, 0.4914, 2.2386
Falling
-0.2028, -0.4953, -0.6552
-1.9227, 3.3306, 4.3563
0.0858, 0.4953, -0.3276
-0.2301, 1.2519, -0.4953
-0.4368, 1.2402, 0.4953
Falling
9.2001, 15.3036, -4.9413
11.2944, 15.4128, -6.7782
11.1306, 11.0955, -6.7236
9.4653, 11.3724, -6.6534
9.1806, 15.4089, 7.1721
NotFalling
0.0156, -0.0078, -0.0195
0.0195, -0.0117, -0.0234
0.0195, 0.0117, -0.0234
0.0156, 0.0078, -0.0273
0.0156, -0.0117, -0.0273
NotFalling
-0.9750, -0.4602, 0.4953
-0.6825, -0.4914, -0.4953
-0.6123, 0.1989, -0.3237
-0.4797, 0.4329, -0.4524
-0.7176, 2.1684, 5.2494
Falling
-0.1248, 1.1076, -0.4797
-0.0819, 1.1154, -0.5109
-0.2418, 7.3749, -0.4602
0.1911, 1.1466, -0.4992
-0.1521, 1.0491, 0.4953
Falling
-0.9828, 0.4680, -0.9243
-0.9789, 0.3549, -0.3939
-0.9126, 0.3198, -0.3354
-2.8548, 0.3549, -0.4095
-1.9968, 2.4687, -3.6387
Falling
-0.8736, -0.4992, 0.0351
-0.8970, -0.4836, -0.0897
-4.6020, 7.3242, -0.6435
-0.6279, 3.2604, -1.5561
-0.4134, -0.2886, -0.7800
Falling
0.3042, -0.1950, -0.1404
0.3237, -0.4758, -0.2574
1.9968, 2.1528, -4.9296
-0.1287, -0.0702, -0.9672
-0.1131, -0.0312, -0.9633
Falling
0.2301, -0.7215, -0.8112
0.2379, -0.3783, -0.9867
0.2535, -0.7605, -1.6575
-0.1131, -0.6357, -0.9984
0.0624, -0.1521, -0.9984
NotFalling
1.0959, 0.2730, 1.1388
-0.4680, 0.4485, 1.3026
0.3276, -0.4953, 1.0959
0.2496, -0.4875, 1.2207
0.1677, 0.1911, 1.0062
NotFalling
-0.4953, -0.4992, -0.2808
-0.4602, -0.4992, -0.4914
4.2315, 12.0237, 10.3350
0.2691, 0.4914, 1.0725
0.0936, 0.1326, 1.0023
Falling
-0.7605, 0.4914, -0.4992
-0.6435, -0.4992, -0.4953
-0.5265, -0.4992, -0.3549
1.0959, -2.5350, 7.0785
-0.1560, -0.0741, 1.1076
Falling
0.4680, 1.4313, -0.4992
-0.4953, 1.0374, -0.4953
4.0560, 4.1145, -4.7463
4.2783, 8.2212, 5.0310
-0.4875, 1.1310, 0.4485
NotFalling
12.0510, 11.1774, 8.0106
10.2999, 14.2272, -8.6775
2.1957, 1.4469, -3.8415
0.2964, 1.1817, 1.0803
-0.6357, 1.0764, 0.4914
NotFalling
-0.4134, -0.3432, 1.4937
-0.6903, -0.4953, -0.4992
-0.6903, -0.4914, -0.4563
-0.6279, -0.4914, -0.4953
-1.9266, -1.9305, 5.3118
Falling
