conv1.weight
-3.110073089599609375e+00 3.347908496856689453e+00 -2.216353893280029297e+00
2.304865598678588867e+00 -2.201369762420654297e+00 2.447167634963989258e+00
conv1.bias
2.586618900299072266e+00 -3.867297649383544922e+00
fc1.weight
2.318617582321166992e+00 -5.487848520278930664e-01 -5.695733428001403809e-01 9.488589167594909668e-01 -6.651557087898254395e-01 -1.370262026786804199e+00 -2.546684145927429199e-01 1.383401393890380859e+00 -5.978364348411560059e-01 2.572872400283813477e+00 8.708266913890838623e-02 1.021590083837509155e-02 2.594657182693481445e+00 1.066001415252685547e+00
6.787417083978652954e-02 -1.160825565457344055e-01 -2.314112335443496704e-01 -1.225862000137567520e-02 -2.180609554052352905e-01 -1.259653717279434204e-01 -1.681005507707595825e-01 -1.096573173999786377e-01 -2.527561038732528687e-03 1.328179538249969482e-01 -1.778549998998641968e-01 3.592783585190773010e-03 -1.381726711988449097e-01 1.798615604639053345e-01
7.163507342338562012e-01 -9.027950167655944824e-01 -4.614118933677673340e-01 -6.427634358406066895e-01 -1.083362698554992676e+00 -3.486578166484832764e-01 -6.782490611076354980e-01 6.108618378639221191e-01 2.062080621719360352e+00 1.859191417694091797e+00 4.304140806198120117e-02 2.048825740814208984e+00 5.241746902465820312e-01 2.475214958190917969e+00
2.595250844955444336e+00 -6.519274711608886719e-01 4.320522248744964600e-01 -1.397296041250228882e-01 -2.713719904422760010e-01 -9.047594666481018066e-01 -6.621288061141967773e-01 -5.605336427688598633e-01 8.182571530342102051e-01 2.479383230209350586e+00 1.208588480949401855e+00 1.563808083534240723e+00 1.726867556571960449e+00 2.610524177551269531e+00
fc1.bias
-2.126425027847290039e+00 -1.331607848405838013e-01 -5.848729014396667480e-01 -5.375244140625000000e+00
fc2.weight
4.765363216400146484e+00 -6.081996113061904907e-02 2.151813268661499023e+00 -3.750844240188598633e+00
-5.090118885040283203e+00 1.673665642738342285e-01 -1.737185478210449219e+00 3.707632303237915039e+00
fc2.bias
6.355027675628662109e+00 -5.984191894531250000e+00
