conv1.weight
1.831238269805908203e+00 4.842132627964019775e-01 1.099527239799499512e+00
6.437089443206787109e-01 -3.599406480789184570e-01 -1.777382969856262207e+00
conv1.bias
-2.570643186569213867e+00 -2.030255556106567383e+00
fc1.weight
-7.266867160797119141e-01 2.867375016212463379e-01 -2.997786402702331543e-01 -2.091012716293334961e+00 -2.569732666015625000e-01 -7.045585662126541138e-03 -3.546761035919189453e+00 -1.103287220001220703e+00 -1.303167104721069336e+00 -1.675203561782836914e+00 -1.075315713882446289e+00 -6.400633454322814941e-01 3.793608844280242920e-01 -2.235271215438842773e+00
4.340604245662689209e-01 -4.205315113067626953e-01 1.163794472813606262e-01 -8.117493242025375366e-02 3.899447917938232422e-01 1.810863733291625977e+00 2.270449995994567871e-01 2.686604261398315430e-01 -4.825663287192583084e-03 3.476813137531280518e-01 2.194185107946395874e-01 8.545834571123123169e-02 6.330273151397705078e-01 -4.196939766407012939e-01
9.054496884346008301e-02 -1.889445930719375610e-01 -1.795547306537628174e-01 -2.575041949748992920e-01 7.166243158280849457e-03 -5.766498297452926636e-02 4.823100194334983826e-02 4.488471150398254395e-02 -2.357334047555923462e-01 -1.916921585798263550e-01 -1.692951768636703491e-01 -1.956983953714370728e-01 -6.827023625373840332e-02 -2.577628493309020996e-01
-7.353736758232116699e-01 -7.207850813865661621e-01 -2.185939788818359375e+00 -1.192659974098205566e+00 1.122962713241577148e+00 7.854290008544921875e-01 4.349740743637084961e-01 -9.103537797927856445e-01 -5.860428214073181152e-01 -5.070487856864929199e-01 2.830895185470581055e-01 1.954364895820617676e+00 9.837160706520080566e-01 -6.660621166229248047e-01
fc1.bias
3.568954229354858398e+00 -6.300157308578491211e-01 -2.026946544647216797e-01 -8.889961242675781250e-01
fc2.weight
4.117837905883789062e+00 1.273430109024047852e+00 4.051569476723670959e-02 -1.735927462577819824e+00
-3.306820154190063477e+00 -7.595446109771728516e-01 -3.733584284782409668e-01 1.692516684532165527e+00
fc2.bias
-3.951486110687255859e+00 3.433602094650268555e+00
