conv1.weight
-3.657245934009552002e-01 4.848965108394622803e-01 -2.047124654054641724e-01
1.074415370821952820e-01 2.292259484529495239e-01 2.164210081100463867e-01
conv1.bias
2.156604379415512085e-01 -5.174063444137573242e-01
fc1.weight
3.011812269687652588e-01 4.899261891841888428e-02 -1.305822879076004028e-01 2.419665157794952393e-01 8.261711895465850830e-02 -1.111767590045928955e-01 2.390041500329971313e-01 3.634413182735443115e-01 2.846813499927520752e-01 3.701067864894866943e-01 1.514707952737808228e-01 3.714808523654937744e-01 5.615823715925216675e-02 3.958523571491241455e-01
-5.013220384716987610e-02 1.827950775623321533e-01 3.387256860733032227e-01 -3.607167899608612061e-01 4.114161133766174316e-01 -2.999114096164703369e-01 2.100672721862792969e-01 -2.712791562080383301e-01 4.988649860024452209e-02 1.112957745790481567e-01 1.978936642408370972e-01 1.446963250637054443e-01 -2.987803518772125244e-01 -1.801436096429824829e-01
-2.604215405881404877e-02 7.416116446256637573e-02 -1.763914972543716431e-01 -2.448637187480926514e-01 4.235394299030303955e-01 -2.915244400501251221e-01 -8.705105632543563843e-02 2.746239071711897850e-03 7.051875442266464233e-02 2.977900765836238861e-02 -1.236654967069625854e-01 1.361866295337677002e-01 8.102737367153167725e-02 2.586768381297588348e-02
3.635180592536926270e-01 1.359426528215408325e-01 -2.112330198287963867e-01 2.509832382202148438e-01 -8.116867393255233765e-02 -5.944919958710670471e-02 1.661378294229507446e-01 -5.945664830505847931e-03 1.477942317724227905e-01 1.090534850955009460e-01 7.411145418882369995e-02 1.320366114377975464e-01 1.063407491892576218e-02 1.560754887759685516e-02
fc1.bias
1.168211847543716431e-01 -6.809663493186235428e-03 -5.512547492980957031e-02 1.870044618844985962e-01
fc2.weight
5.041330456733703613e-01 -5.891197323799133301e-01 6.473978608846664429e-02 1.120642498135566711e-01
2.249673306941986084e-01 2.823443412780761719e-01 4.034364223480224609e-01 -7.638404965400695801e-01
fc2.bias
2.683491408824920654e-01 2.192905545234680176e-01
