conv1.weight
-3.148190975189208984e-01 1.237209200859069824e+00 -1.375895142555236816e+00
1.059511065483093262e+00 6.785255391150712967e-03 1.921214908361434937e-01
conv1.bias
9.514871239662170410e-01 -5.129269883036613464e-02
fc1.weight
4.767430126667022705e-01 -5.596014261245727539e-01 -3.218733519315719604e-02 -1.211438924074172974e-01 5.383412241935729980e-01 6.866164803504943848e-01 -1.519474536180496216e-01 -1.735765188932418823e-01 4.834685325622558594e-01 6.351034343242645264e-02 -5.902657508850097656e-01 -5.935600399971008301e-01 6.598089337348937988e-01 5.716808438301086426e-01
2.461628317832946777e-01 6.590414643287658691e-01 2.918342649936676025e-01 -6.269258260726928711e-01 -3.721692860126495361e-01 2.115804143249988556e-02 3.397968709468841553e-01 -8.262979239225387573e-02 -1.541006118059158325e-01 4.117205142974853516e-01 4.352412819862365723e-01 -6.690929532051086426e-01 8.023404516279697418e-03 -2.342268265783786774e-02
-1.143711525946855545e-02 -9.690169692039489746e-01 6.423608958721160889e-02 -6.096224188804626465e-01 9.251910448074340820e-01 7.707775831222534180e-01 4.341773986816406250e-01 1.290230900049209595e-01 -7.029142379760742188e-01 -4.853310883045196533e-01 -8.052480816841125488e-01 9.029399603605270386e-02 -3.989191651344299316e-01 5.965997576713562012e-01
2.516845762729644775e-01 -3.084956109523773193e-01 -2.420890480279922485e-01 1.565112546086311340e-02 4.144950956106185913e-02 -2.185642123222351074e-01 1.170913726091384888e-01 1.506009954027831554e-03 3.795153796672821045e-01 2.497798949480056763e-01 3.112201392650604248e-01 -4.067705944180488586e-02 3.888115882873535156e-01 1.778121888637542725e-01
fc1.bias
1.066456913948059082e+00 -6.713351607322692871e-01 -1.007506132125854492e+00 -7.592664957046508789e-01
fc2.weight
2.204424887895584106e-01 -9.129294753074645996e-01 -1.017856240272521973e+00 9.945768117904663086e-01
-9.262247681617736816e-01 4.644832313060760498e-01 9.940877556800842285e-01 -5.755515694618225098e-01
fc2.bias
1.756226420402526855e-01 -5.344107747077941895e-02
