fc1.weight
1.125808954238891602e-01 3.115068972110748291e-01 1.352039724588394165e-01 -2.905663289129734039e-02 2.386252135038375854e-01 2.044043131172657013e-02 1.219089031219482422e-01 -4.851981624960899353e-02 -4.649174213409423828e-02 -8.830866217613220215e-02 8.379974216222763062e-02 1.195627301931381226e-01 -3.128370642662048340e-01 3.160072267055511475e-01 2.344636619091033936e-01
-3.485770821571350098e-01 -1.616446226835250854e-01 -3.506286144256591797e-01 2.180637866258621216e-01 -1.033690571784973145e-02 2.542448043823242188e-02 6.885579228401184082e-02 -1.196530237793922424e-01 1.206570044159889221e-01 3.127615153789520264e-01 3.318445980548858643e-01 2.775398492813110352e-01 2.950322926044464111e-01 1.435601711273193359e-01 -1.322410106658935547e-01
2.064668536186218262e-01 3.020071983337402344e-01 2.226648777723312378e-01 -2.124315798282623291e-01 5.183587223291397095e-02 -1.793676912784576416e-01 -1.649339199066162109e-01 -1.167364045977592468e-01 -9.014765918254852295e-02 -5.371305719017982483e-02 -1.250288449227809906e-02 2.609243988990783691e-01 2.126865833997726440e-01 4.715443029999732971e-02 2.638672888278961182e-01
1.137508898973464966e-01 5.646407231688499451e-02 4.648417606949806213e-02 -8.810281008481979370e-02 6.890149414539337158e-02 -1.317875981330871582e-01 1.061351746320724487e-01 1.343147009611129761e-01 2.115212082862854004e-01 2.669760882854461670e-01 9.628024697303771973e-02 2.180312722921371460e-01 -6.561347842216491699e-02 -3.245369493961334229e-01 -4.557903856039047241e-02
-2.069311290979385376e-01 1.059137657284736633e-01 -3.935661539435386658e-02 3.423295319080352783e-01 1.275580674409866333e-01 -2.134696841239929199e-01 1.056972444057464600e-01 -1.590296328067779541e-01 3.260570764541625977e-01 -1.218581274151802063e-01 1.374632418155670166e-01 -1.341993808746337891e-01 -8.689479902386665344e-03 5.979510769248008728e-02 1.799726933240890503e-01
1.515804976224899292e-01 2.628731131553649902e-01 -9.837407618761062622e-02 -1.250296235084533691e-01 -6.220860779285430908e-02 -2.119894176721572876e-01 -2.415047138929367065e-01 -7.531162351369857788e-02 -2.086251527070999146e-01 -6.957133859395980835e-02 5.760673899203538895e-03 -2.860678434371948242e-01 1.693294048309326172e-01 1.839121282100677490e-01 -2.538278400897979736e-01
-1.938839852809906006e-01 -3.191475942730903625e-02 1.181091964244842529e-01 -2.188513800501823425e-02 2.291640080511569977e-02 1.992397010326385498e-01 -4.594586044549942017e-02 -7.684719562530517578e-02 -1.234838515520095825e-01 3.016967773437500000e-01 3.022554516792297363e-01 -1.715889126062393188e-01 -2.849406190216541290e-02 2.929474711418151855e-01 4.127042740583419800e-02
-2.050236910581588745e-01 -1.604361273348331451e-02 -1.111436113715171814e-01 6.734906882047653198e-02 -9.634543955326080322e-02 6.688786298036575317e-02 2.723449766635894775e-01 2.380095273256301880e-01 2.437943965196609497e-01 1.978670358657836914e-01 -1.317130476236343384e-01 1.900442987680435181e-01 2.811141014099121094e-01 1.163878291845321655e-01 1.775984615087509155e-01
-6.611923128366470337e-02 -2.598862349987030029e-02 -8.673144504427909851e-03 3.065578080713748932e-02 9.999392181634902954e-02 2.405795305967330933e-01 2.130693197250366211e-01 -8.499573171138763428e-02 -8.271206170320510864e-02 1.722343266010284424e-01 -1.584094017744064331e-01 1.822178214788436890e-01 -2.088331431150436401e-01 1.295308768749237061e-01 -2.996114641427993774e-02
7.203232496976852417e-02 -1.582945138216018677e-01 -1.562712490558624268e-01 1.800240874290466309e-01 1.023770198225975037e-01 -1.968009918928146362e-01 -4.485085234045982361e-02 -1.783880442380905151e-01 2.491783350706100464e-01 -5.913702026009559631e-02 -5.360293760895729065e-02 2.082914859056472778e-01 7.813321799039840698e-02 4.245891794562339783e-02 -2.397440373897552490e-02
1.029874980449676514e-01 1.580352634191513062e-01 -2.222554236650466919e-01 2.549947500228881836e-01 -2.582159265875816345e-02 -9.984201192855834961e-02 -1.881542354822158813e-01 1.973809003829956055e-01 1.653489470481872559e-01 -1.429698318243026733e-01 7.304830010980367661e-03 -1.288933902978897095e-01 2.015831619501113892e-01 2.441405504941940308e-01 1.675560623407363892e-01
2.481976449489593506e-01 2.085147500038146973e-01 1.669013053178787231e-01 1.450890898704528809e-01 -2.833138108253479004e-01 1.529567176476120949e-03 -1.125118210911750793e-01 -2.638308405876159668e-01 1.104281563311815262e-02 2.038285695016384125e-02 1.268225349485874176e-02 -1.298920363187789917e-01 4.176732897758483887e-02 4.020434338599443436e-03 2.893304228782653809e-01
-2.160873115062713623e-01 2.581135332584381104e-01 1.018833182752132416e-02 -2.088652402162551880e-01 1.360867917537689209e-01 -1.041757091879844666e-01 1.242867484688758850e-02 5.256857350468635559e-02 -2.102261781692504883e-01 1.942253485321998596e-02 -2.334875762462615967e-01 -3.128890693187713623e-01 -2.389887273311614990e-01 2.904745633713901043e-04 -2.410679459571838379e-01
-1.635144650936126709e-01 -2.027747333049774170e-01 -3.982567414641380310e-02 -8.340272307395935059e-02 -9.694943577051162720e-02 -1.273999512195587158e-01 1.583084315061569214e-01 2.073941752314567566e-02 3.077711351215839386e-02 -5.033645033836364746e-02 -1.025273203849792480e-01 -2.442209571599960327e-01 3.955268487334251404e-02 2.389703094959259033e-01 6.974750012159347534e-02
2.270046435296535492e-02 1.560173481702804565e-01 7.578315585851669312e-02 -3.422136604785919189e-01 3.005319833755493164e-01 3.422668576240539551e-01 1.446283794939517975e-02 -2.439881674945354462e-02 -1.438733190298080444e-01 -1.912475228309631348e-01 -1.301304101943969727e-01 -1.171950716525316238e-03 3.558035939931869507e-02 8.891861885786056519e-02 -3.919841721653938293e-03
1.335912495851516724e-01 9.976875782012939453e-02 2.021908462047576904e-01 4.117177426815032959e-02 -1.731872260570526123e-01 -7.964253425598144531e-02 2.382228970527648926e-01 3.023244440555572510e-01 -4.568821564316749573e-02 -1.617780774831771851e-01 3.024897575378417969e-01 -1.775477640330791473e-02 2.827830016613006592e-01 -1.390780061483383179e-01 6.438241153955459595e-02
-1.589732617139816284e-01 4.353772848844528198e-02 3.099122941493988037e-01 4.109330847859382629e-02 -2.025004327297210693e-01 4.514215141534805298e-02 -6.422987580299377441e-02 -1.488753408193588257e-01 2.095612324774265289e-02 -1.749434173107147217e-01 -1.752953529357910156e-01 2.609956860542297363e-01 8.703731000423431396e-02 2.349144518375396729e-01 -2.246237592771649361e-03
6.977199763059616089e-02 -1.517465561628341675e-01 3.468490839004516602e-01 1.518441438674926758e-01 2.006902396678924561e-01 -1.390493214130401611e-01 1.920794695615768433e-01 -1.365151703357696533e-01 2.484570294618606567e-01 -2.519638976082205772e-03 6.728813052177429199e-02 9.054810553789138794e-02 2.036469280719757080e-01 -1.863046884536743164e-01 3.215034008026123047e-01
-7.226577959954738617e-03 -9.198465198278427124e-02 2.827975153923034668e-01 -4.057326167821884155e-02 2.735276818275451660e-01 2.664628624916076660e-01 -2.809548676013946533e-01 -1.145046390593051910e-02 -5.772254616022109985e-02 -5.579755455255508423e-02 6.454711779952049255e-03 1.165470853447914124e-01 -3.111669719219207764e-01 -1.265852004289627075e-01 2.005807012319564819e-01
-1.657191514968872070e-01 -1.543146222829818726e-01 -9.076889604330062866e-03 -3.051164448261260986e-01 1.247599069029092789e-02 -1.280490905046463013e-01 2.467544525861740112e-01 3.266461193561553955e-01 2.419154047966003418e-01 6.930116564035415649e-02 -1.493692845106124878e-01 -1.286589950323104858e-01 2.102459222078323364e-01 -2.229594439268112183e-01 1.442981362342834473e-01
-1.058513671159744263e-02 -1.344289481639862061e-01 1.981735378503799438e-01 2.088806629180908203e-01 -1.876861900091171265e-01 -9.113080799579620361e-02 8.262649923563003540e-02 -6.658231839537620544e-03 1.701776385307312012e-01 1.613835692405700684e-01 -6.142788752913475037e-02 1.843538284301757812e-01 2.487261593341827393e-01 1.732028275728225708e-01 1.710155606269836426e-01
1.572091579437255859e-01 -2.693920731544494629e-01 5.391041189432144165e-02 -1.494923233985900879e-01 -3.030182123184204102e-01 -3.458797559142112732e-02 -1.379448175430297852e-01 -3.158522546291351318e-01 -8.278815448284149170e-02 -2.212474644184112549e-01 -1.164032891392707825e-01 1.966650187969207764e-01 1.530685573816299438e-01 -1.223034337162971497e-01 -1.207001283764839172e-01
-1.885152049362659454e-02 2.016473561525344849e-01 2.382867187261581421e-01 -8.891871571540832520e-02 1.147338375449180603e-01 2.212883383035659790e-01 1.112648695707321167e-01 -7.240571826696395874e-02 -2.719580940902233124e-02 2.191328257322311401e-01 1.328505426645278931e-01 1.894405186176300049e-01 -8.861418068408966064e-02 -1.490601301193237305e-01 1.344545781612396240e-01
-5.133195966482162476e-02 -2.696251273155212402e-01 -1.766573935747146606e-01 1.168004870414733887e-01 2.299235910177230835e-01 2.031005769968032837e-01 1.559966802597045898e-01 -1.574272662401199341e-01 2.340924888849258423e-01 -9.172601625323295593e-03 2.348673492670059204e-01 -1.393907219171524048e-01 -2.220568656921386719e-01 -1.193374842405319214e-01 8.274167031049728394e-02
5.725293233990669250e-02 -7.105794548988342285e-02 2.283768653869628906e-01 -1.169468276202678680e-03 -1.354933232069015503e-01 2.057794928550720215e-01 -2.325693517923355103e-01 3.328308090567588806e-02 -1.152059435844421387e-01 -1.720804423093795776e-01 7.316070795059204102e-02 1.711764037609100342e-01 -2.335685938596725464e-01 1.646536141633987427e-01 3.409148156642913818e-01
-3.120731115341186523e-01 -1.773849278688430786e-01 8.033191785216331482e-03 3.605539500713348389e-01 -5.272151529788970947e-02 2.304164692759513855e-03 5.956691503524780273e-02 1.585997939109802246e-01 1.257374603301286697e-02 8.431886881589889526e-02 1.719054430723190308e-01 -3.732906281948089600e-02 -2.267225412651896477e-03 7.314882427453994751e-02 1.064881961792707443e-02
1.422471702098846436e-01 -1.142359152436256409e-01 7.512826938182115555e-03 2.897832989692687988e-01 2.042604386806488037e-01 -1.579120606184005737e-01 1.016358099877834320e-02 -4.299061000347137451e-02 1.102010086178779602e-01 1.733361929655075073e-01 3.588320314884185791e-01 1.743021607398986816e-01 4.084610193967819214e-02 -2.605173736810684204e-02 -6.126566976308822632e-02
-7.728576660156250000e-02 -1.390297561883926392e-01 -1.861972659826278687e-01 -2.275941707193851471e-02 -6.885775923728942871e-02 1.344839781522750854e-01 -1.287190318107604980e-01 2.611580789089202881e-01 1.113012209534645081e-01 3.055883049964904785e-01 -1.129282042384147644e-01 1.540987789630889893e-01 1.871767342090606689e-01 8.062190562486648560e-02 -1.848540008068084717e-01
1.474368423223495483e-01 -3.021805286407470703e-01 1.941810250282287598e-01 -1.435364782810211182e-01 2.890709228813648224e-02 -1.359912902116775513e-01 2.164180129766464233e-01 -1.949430257081985474e-01 2.794052660465240479e-01 8.413030952215194702e-02 3.654213249683380127e-02 -1.909855455160140991e-01 -1.123837232589721680e-01 -5.603869631886482239e-02 8.355759084224700928e-02
8.471889048814773560e-02 1.302618980407714844e-01 -1.311131566762924194e-01 -5.120887607336044312e-02 9.921704232692718506e-02 3.554596006870269775e-01 -6.885078549385070801e-02 1.408355385065078735e-01 -1.121749356389045715e-01 1.760026514530181885e-01 -1.819430589675903320e-01 -1.791148036718368530e-01 -1.343238204717636108e-01 -1.883258819580078125e-01 2.164739668369293213e-01
-6.572954356670379639e-02 1.030844300985336304e-01 -3.005455732345581055e-01 -2.628957852721214294e-02 -2.056270278990268707e-02 -1.353415846824645996e-01 1.491654664278030396e-01 1.031031012535095215e-01 2.259246855974197388e-01 1.725609749555587769e-01 -6.526540219783782959e-02 5.371198058128356934e-02 1.065955013036727905e-01 -3.486789762973785400e-02 -1.360395252704620361e-01
-2.226900868117809296e-02 -1.351030915975570679e-01 -1.706433445215225220e-01 1.258727908134460449e-01 2.176331281661987305e-01 -3.936207666993141174e-02 -3.216408193111419678e-02 8.239530026912689209e-03 2.059135288000106812e-01 -7.305520772933959961e-02 2.623515203595161438e-02 2.530289255082607269e-02 -8.591105788946151733e-02 -6.738636642694473267e-02 -1.356784552335739136e-01
-1.437946110963821411e-01 2.840256690979003906e-01 2.968321442604064941e-01 -2.671136856079101562e-01 4.553067311644554138e-02 2.270760089159011841e-01 -1.262334138154983521e-01 5.684000998735427856e-02 -2.405544742941856384e-02 2.588463425636291504e-01 -3.815067559480667114e-02 4.420245811343193054e-02 -2.512330114841461182e-01 2.700662612915039062e-01 2.933219075202941895e-02
-2.245934009552001953e-01 -5.169935896992683411e-02 -1.111000701785087585e-01 -1.696939170360565186e-01 -3.189015686511993408e-01 4.751635342836380005e-02 2.581565380096435547e-01 8.627114444971084595e-02 2.238536812365055084e-02 9.611622989177703857e-02 1.589282602071762085e-01 -1.921871751546859741e-01 -1.454844325780868530e-01 -2.646485157310962677e-02 -3.198616802692413330e-01
-2.775776684284210205e-01 -1.565845757722854614e-01 2.350676106289029121e-03 -7.682542502880096436e-02 -9.240791201591491699e-02 -1.435354053974151611e-01 -5.637913197278976440e-02 2.777725458145141602e-01 9.639356285333633423e-02 1.170282512903213501e-01 6.357432901859283447e-02 -9.869845956563949585e-02 3.322876393795013428e-01 -1.877906024456024170e-01 1.196011900901794434e-01
-1.862146258354187012e-01 2.462330609560012817e-01 1.759565323591232300e-01 4.804664477705955505e-02 2.464917451143264771e-01 -1.687354296445846558e-01 -2.805883884429931641e-01 9.983633458614349365e-02 -1.873759776353836060e-01 -1.349104195833206177e-01 1.684099137783050537e-01 -1.501752883195877075e-01 1.469139456748962402e-01 5.859589949250221252e-02 2.630247771739959717e-01
-1.833968907594680786e-01 6.697404384613037109e-02 -2.673982977867126465e-01 1.101991310715675354e-01 -3.161586821079254150e-01 -5.194642767310142517e-02 8.013872802257537842e-02 2.013372480869293213e-01 -4.886472225189208984e-02 2.383847832679748535e-01 1.063301861286163330e-01 1.028712540864944458e-01 -1.577890664339065552e-01 4.838108271360397339e-02 -9.406428039073944092e-02
8.939027041196823120e-02 -2.662541866302490234e-01 -3.393920511007308960e-02 1.074804514646530151e-01 -1.657226979732513428e-01 -2.921836972236633301e-01 2.374844439327716827e-02 3.189895749092102051e-01 1.664404422044754028e-01 -1.005226448178291321e-01 2.740987539291381836e-01 -1.352730989456176758e-01 2.661213576793670654e-01 -4.175135865807533264e-03 5.539207719266414642e-03
-2.105080895125865936e-02 4.542454332113265991e-02 -2.708821892738342285e-01 1.412731944583356380e-03 1.079047769308090210e-01 9.987496584653854370e-02 -4.542458429932594299e-02 1.352616548538208008e-01 2.648756504058837891e-01 2.645115554332733154e-01 3.517605662345886230e-01 1.531254034489393234e-02 -8.339426666498184204e-02 2.090309113264083862e-01 3.487206622958183289e-02
1.799440532922744751e-01 -3.872961923480033875e-02 -1.575702428817749023e-01 -2.378858774900436401e-01 1.643193960189819336e-01 -2.443879544734954834e-01 1.880668401718139648e-01 -2.772152796387672424e-02 -1.838750392198562622e-01 -2.102208435535430908e-01 -1.923847049474716187e-01 -9.193591028451919556e-02 -1.668370515108108521e-01 2.455995231866836548e-01 -5.679090972989797592e-03
-3.118204474449157715e-01 -1.975853741168975830e-01 -3.422534838318824768e-02 -1.868355572223663330e-01 -6.348927319049835205e-02 -1.651102676987648010e-02 6.079575791954994202e-02 -8.018226176500320435e-02 2.606548666954040527e-01 -1.474449783563613892e-01 8.236343413591384888e-02 1.549735814332962036e-01 2.964136600494384766e-01 -1.905992478132247925e-01 -1.545203924179077148e-01
-2.645151913166046143e-01 1.472406536340713501e-01 -7.564557343721389771e-02 3.010739386081695557e-01 3.568578511476516724e-02 -1.846686452627182007e-01 9.616526775062084198e-03 2.770339250564575195e-01 -1.589073799550533295e-02 2.603672444820404053e-01 -7.670497149229049683e-02 1.966674439609050751e-02 2.524330615997314453e-01 -3.118353486061096191e-01 5.149750038981437683e-02
-1.249746978282928467e-01 -1.522147096693515778e-02 -2.052597850561141968e-01 -1.646037846803665161e-01 1.885752081871032715e-01 -3.479835763573646545e-02 1.482574045658111572e-01 1.643467545509338379e-01 9.190420806407928467e-02 -5.439885705709457397e-02 2.853926457464694977e-02 -9.493207931518554688e-02 -1.632805727422237396e-02 -3.722022054716944695e-03 -8.980424143373966217e-03
2.211277186870574951e-01 -2.122974991798400879e-01 2.031137794256210327e-01 -7.664825022220611572e-02 -2.868620157241821289e-01 1.892995685338973999e-01 5.350103601813316345e-02 -2.555683255195617676e-01 6.914657354354858398e-02 -2.465309947729110718e-01 -1.512943804264068604e-01 4.190156981348991394e-02 -1.786597189493477345e-03 1.458245813846588135e-01 1.223721355199813843e-01
9.475201368331909180e-03 1.136109232902526855e-01 1.593651622533798218e-01 6.692126393318176270e-02 -1.670804321765899658e-01 -3.013212382793426514e-01 -2.020863816142082214e-02 2.042970657348632812e-01 -8.834632486104965210e-02 2.066708356142044067e-01 -2.717155031859874725e-03 -1.153060272336006165e-01 -2.315170019865036011e-01 -2.029495537281036377e-01 1.122012063860893250e-01
-4.945394769310951233e-02 -1.126796454191207886e-01 -3.553384542465209961e-02 -2.909010946750640869e-01 -2.936856122687458992e-03 7.222163677215576172e-02 1.350955218076705933e-01 -3.216813802719116211e-01 -1.235065311193466187e-01 -1.629216372966766357e-01 -3.020024895668029785e-01 7.696898281574249268e-02 -1.917908042669296265e-01 -2.680393457412719727e-01 3.077453374862670898e-01
2.224604040384292603e-01 -3.126985859125852585e-03 1.672340482473373413e-01 -2.804121747612953186e-02 1.184276416897773743e-01 -1.540771871805191040e-01 6.603761017322540283e-02 -2.753259427845478058e-02 -8.115153759717941284e-02 1.924429088830947876e-01 2.275641309097409248e-03 2.010036110877990723e-01 1.542360931634902954e-01 2.525311112403869629e-01 -1.689492613077163696e-01
4.198609665036201477e-02 1.938450038433074951e-01 -2.458696812391281128e-01 -2.112047076225280762e-01 1.110206618905067444e-01 -2.627747356891632080e-01 -9.724108129739761353e-02 2.769744992256164551e-01 -1.819957047700881958e-01 -4.605046287178993225e-02 8.441636711359024048e-02 2.977295219898223877e-01 -2.386126667261123657e-01 6.340354681015014648e-02 9.148622304201126099e-02
3.097290731966495514e-02 1.480113118886947632e-01 8.517188951373100281e-03 7.500917464494705200e-02 9.273892268538475037e-03 2.149955183267593384e-01 1.687523126602172852e-01 7.368656247854232788e-02 -1.392542421817779541e-01 -9.191817045211791992e-02 -1.972915977239608765e-01 1.304417997598648071e-01 1.376907527446746826e-01 9.698670357465744019e-02 3.214309513568878174e-01
-2.776838243007659912e-01 6.519337184727191925e-04 -1.317297071218490601e-01 3.164878189563751221e-01 -2.324451357126235962e-01 -2.202624529600143433e-01 2.314810156822204590e-01 1.050427779555320740e-01 2.554499208927154541e-01 -1.732013672590255737e-01 3.184162974357604980e-01 -7.664223760366439819e-02 4.344782326370477676e-03 2.505639567971229553e-02 -1.273712068796157837e-01
1.331788748502731323e-01 -6.710682064294815063e-03 7.978109270334243774e-02 2.149176746606826782e-01 -4.184540361166000366e-02 -2.262125909328460693e-01 2.641195952892303467e-01 2.418987154960632324e-01 -4.340581968426704407e-02 2.520786821842193604e-01 -7.934368401765823364e-02 -2.620044946670532227e-01 6.947516463696956635e-03 -7.324499543756246567e-03 -7.018127012997865677e-03
4.275019094347953796e-02 -7.801648974418640137e-02 -2.562480866909027100e-01 -9.342477470636367798e-02 2.169443815946578979e-01 2.209173738956451416e-01 -2.448676228523254395e-01 -1.552956700325012207e-01 -4.564637690782546997e-02 -3.049832582473754883e-01 -1.121594607830047607e-01 -1.092046573758125305e-01 -2.039643079042434692e-01 2.562680542469024658e-01 2.079158835113048553e-02
-1.867311596870422363e-01 1.453185230493545532e-01 8.999859541654586792e-02 -2.029568105936050415e-01 -9.508348256349563599e-02 1.938836425542831421e-01 9.583744406700134277e-02 1.326662600040435791e-01 -1.586586534976959229e-01 6.110655516386032104e-02 1.195316240191459656e-01 1.831469237804412842e-01 1.143387630581855774e-01 7.398922927677631378e-03 1.692105382680892944e-01
-3.080439567565917969e-02 7.970354706048965454e-02 -4.777616355568170547e-03 -6.865770090371370316e-03 1.737170517444610596e-01 -1.127520725131034851e-01 -7.161993067711591721e-03 -1.403572261333465576e-01 2.510762512683868408e-01 7.572009414434432983e-02 1.695477962493896484e-01 7.506580650806427002e-02 1.949672549962997437e-01 -2.660475298762321472e-02 9.801577776670455933e-02
-2.575327157974243164e-01 1.830405890941619873e-01 -1.129730418324470520e-01 1.705540567636489868e-01 -2.263743132352828979e-01 2.371315658092498779e-01 -7.775137573480606079e-02 2.272113859653472900e-01 1.877711266279220581e-01 -2.018865942955017090e-01 -9.772327542304992676e-02 2.410381138324737549e-01 -2.252658456563949585e-01 1.812725886702537537e-02 2.358494997024536133e-01
-1.222002040594816208e-02 -5.746462568640708923e-02 -1.383714824914932251e-01 2.451793700456619263e-01 -1.330306380987167358e-01 1.800307072699069977e-02 -4.754691570997238159e-02 2.296994477510452271e-01 -3.605777630582451820e-03 1.806251257658004761e-01 -1.548184305429458618e-01 4.648059979081153870e-02 3.518653661012649536e-02 -8.368919603526592255e-03 -2.492446601390838623e-01
2.380383163690567017e-01 2.997860498726367950e-02 1.555385291576385498e-01 -1.663640141487121582e-01 3.672236204147338867e-02 2.505563199520111084e-01 -1.157861277461051941e-01 -1.382391005754470825e-01 2.009503245353698730e-01 -1.373787075281143188e-01 -2.010291367769241333e-01 5.772370100021362305e-02 -2.669515311717987061e-01 -2.913982272148132324e-01 2.267314642667770386e-01
1.246168930083513260e-02 -2.817272841930389404e-01 1.443728357553482056e-01 -4.615659266710281372e-02 -2.449265867471694946e-01 -3.475004434585571289e-02 -2.662309408187866211e-01 -1.897991001605987549e-01 -6.432857364416122437e-02 1.280236989259719849e-01 -4.779874905943870544e-02 1.644143313169479370e-01 -5.103905685245990753e-03 -6.412544846534729004e-02 1.462843418121337891e-01
1.524648163467645645e-02 -3.506278991699218750e-02 -2.321232110261917114e-01 1.142638996243476868e-01 -8.071355521678924561e-02 1.981447786092758179e-01 -2.012044377624988556e-02 2.348046749830245972e-01 -5.748656019568443298e-02 1.640930622816085815e-01 2.260509580373764038e-01 7.560979574918746948e-02 2.188750505447387695e-01 -4.873823747038841248e-02 -2.107126265764236450e-01
1.514178514480590820e-01 -1.674087159335613251e-02 2.388675659894943237e-01 8.371327072381973267e-02 3.405677974224090576e-01 -5.930559337139129639e-02 -2.092755734920501709e-01 7.844264060258865356e-02 -1.621515452861785889e-01 1.997172087430953979e-01 -2.518561780452728271e-01 7.621724903583526611e-02 6.006961315870285034e-02 1.974392831325531006e-01 2.541343867778778076e-01
-1.866657882928848267e-01 -1.711678504943847656e-02 1.959285289049148560e-01 -1.007954124361276627e-03 3.743079490959644318e-03 1.477394253015518188e-01 -1.299813296645879745e-02 -7.718376070261001587e-02 1.925671249628067017e-01 1.749807298183441162e-01 -3.950022533535957336e-02 -1.574653387069702148e-01 -1.548463255167007446e-01 -1.108059659600257874e-01 3.156493604183197021e-01
2.960327863693237305e-01 2.113074213266372681e-01 -3.297639191150665283e-01 -1.276282668113708496e-01 1.344714164733886719e-01 6.377872545272111893e-03 -2.006572782993316650e-01 1.483645439147949219e-01 -2.201523482799530029e-01 -1.567891240119934082e-01 -3.442278504371643066e-01 -2.574815750122070312e-01 3.683216124773025513e-02 5.873882770538330078e-02 -1.754587590694427490e-01
2.829038202762603760e-01 2.066060751676559448e-01 -8.181530237197875977e-02 6.513100117444992065e-02 -8.340163528919219971e-02 -1.088231950998306274e-01 6.952489912509918213e-02 -8.133627474308013916e-03 -1.102748289704322815e-01 -1.009108945727348328e-01 -2.912449538707733154e-01 -3.357177674770355225e-01 1.678068935871124268e-01 -7.736897468566894531e-02 -1.443585753440856934e-01
-1.419164836406707764e-01 -2.282079905271530151e-01 1.075974032282829285e-01 -2.327117472887039185e-01 -1.002361997961997986e-01 1.504352241754531860e-01 -1.078097671270370483e-01 -1.648121029138565063e-01 4.411573335528373718e-02 -1.783225238323211670e-01 -8.067906647920608521e-02 6.388188898563385010e-02 9.239366650581359863e-02 -4.152776300907135010e-02 1.218190044164657593e-01
fc1.bias
-1.185445263981819153e-01
5.998212471604347229e-02
-1.195720210671424866e-01
-1.714514046907424927e-01
9.672246873378753662e-03
-3.181782364845275879e-02
-2.105409950017929077e-01
-9.938512742519378662e-02
-1.515282541513442993e-01
-1.491997856646776199e-02
-1.025875508785247803e-01
7.126824557781219482e-02
-5.045758560299873352e-02
-2.183299511671066284e-01
2.958452105522155762e-01
1.995961815118789673e-01
-3.234621882438659668e-02
-5.330295115709304810e-02
1.478150486946105957e-01
-6.414681673049926758e-02
-2.421513199806213379e-01
1.357499808073043823e-01
-8.772794157266616821e-02
3.170398473739624023e-01
2.166296243667602539e-01
-8.298675715923309326e-02
-6.381063908338546753e-02
-3.389067202806472778e-02
1.495616417378187180e-02
6.749298423528671265e-02
2.066204100847244263e-01
6.582770496606826782e-02
-1.846715062856674194e-01
1.755281351506710052e-02
-5.348094552755355835e-02
4.937440156936645508e-02
1.663987785577774048e-01
5.404292419552803040e-02
-1.859021782875061035e-01
-1.675113849341869354e-02
4.686891287565231323e-02
2.056923955678939819e-01
1.787932366132736206e-01
-7.086718082427978516e-02
-1.725080162286758423e-01
-1.182014346122741699e-01
1.083876006305217743e-02
3.293705880641937256e-01
9.650990366935729980e-03
9.164362400770187378e-02
2.096609175205230713e-01
3.527888059616088867e-01
-1.932195387780666351e-02
1.463895738124847412e-01
1.344349384307861328e-01
2.866842448711395264e-01
8.770485967397689819e-02
6.263053417205810547e-02
-2.732208743691444397e-02
3.606048524379730225e-01
2.615104913711547852e-01
-1.854229904711246490e-02
2.001483142375946045e-01
-2.395155280828475952e-02
fc2.weight
7.598899304866790771e-02 -5.315812304615974426e-02 -1.679179724305868149e-03 -7.232423871755599976e-02 -1.901867240667343140e-02 -2.598909102380275726e-02 -2.072490751743316650e-02 -4.564349073916673660e-03 -1.035189721733331680e-02 -4.436957091093063354e-02 -1.118780486285686493e-02 3.992375358939170837e-02 9.727273136377334595e-02 1.056127324700355530e-01 1.592472493648529053e-01 9.176643192768096924e-02 1.921324729919433594e-01 3.248457238078117371e-02 2.064811587333679199e-01 7.400991022586822510e-02 7.906683534383773804e-02 1.831604540348052979e-01 1.831369400024414062e-01 1.498450338840484619e-02 1.531118750572204590e-01 -2.039246112108230591e-01 -5.506180599331855774e-02 -1.605253964662551880e-01 1.573583036661148071e-01 1.145098283886909485e-01 -2.487379126250743866e-02 -7.973577827215194702e-02 8.558814227581024170e-02 4.907855391502380371e-02 -1.419227868318557739e-01 1.640058159828186035e-01 -1.317181438207626343e-01 1.569234393537044525e-02 -6.611259188503026962e-03 5.979393422603607178e-02 2.586373127996921539e-02 -1.389249712228775024e-01 1.901540905237197876e-02 5.262020230293273926e-02 -4.532832652330398560e-02 1.722796261310577393e-01 8.544182032346725464e-02 8.203853666782379150e-02 1.408936083316802979e-01 -1.429117172956466675e-01 -9.374560788273811340e-03 6.195059418678283691e-02 1.402217745780944824e-01 -5.889217182993888855e-02 7.165757566690444946e-02 5.876171588897705078e-02 1.013309657573699951e-01 1.861033886671066284e-01 4.916883260011672974e-02 6.718236953020095825e-02 5.515767727047204971e-03 -3.909360244870185852e-02 1.306442767381668091e-01 7.193621713668107986e-03
-1.480973362922668457e-01 1.785276830196380615e-01 3.513553738594055176e-02 1.661651879549026489e-01 -2.745228074491024017e-02 2.305332804098725319e-03 -1.258241944015026093e-02 1.028279140591621399e-01 -2.886118553578853607e-02 1.070587411522865295e-01 -6.770666805095970631e-04 -7.775442302227020264e-02 -6.574759632349014282e-02 7.707341108471155167e-03 -4.434120282530784607e-02 2.766196243464946747e-02 -8.570723235607147217e-02 1.395986825227737427e-01 1.982570998370647430e-02 7.136759907007217407e-02 -6.373892724514007568e-02 1.018926501274108887e-02 -8.115198463201522827e-02 -1.751502742990851402e-03 -2.102506160736083984e-02 9.935326129198074341e-02 6.760687381029129028e-02 3.052056021988391876e-02 8.209401369094848633e-02 -2.643303573131561279e-02 -5.593734234571456909e-02 1.459003537893295288e-01 -4.579531494528055191e-03 8.616916835308074951e-02 -1.378156710416078568e-02 6.130702793598175049e-02 -3.271606937050819397e-02 9.806167334318161011e-02 1.287237554788589478e-02 -6.226008385419845581e-02 1.305514015257358551e-03 2.039270699024200439e-01 -2.774315699934959412e-02 -8.903799206018447876e-02 8.460195362567901611e-02 3.228826075792312622e-02 5.768181756138801575e-02 1.066557765007019043e-01 -1.367037743330001831e-01 1.847979277372360229e-01 -3.524853289127349854e-02 2.014404721558094025e-02 -4.412446543574333191e-02 1.630813479423522949e-01 1.493172943592071533e-01 1.673235148191452026e-01 2.873833291232585907e-02 4.666650667786598206e-02 5.305042862892150879e-02 -1.385756880044937134e-01 -8.157677203416824341e-02 -3.311992064118385315e-02 3.407887369394302368e-02 -1.554744243621826172e-01
-4.227925464510917664e-02 1.647642403841018677e-01 -2.681145444512367249e-02 1.317472904920578003e-01 1.177565604448318481e-01 -1.035099700093269348e-01 1.017466485500335693e-01 6.812573224306106567e-02 -1.231337562203407288e-01 -2.759154699742794037e-02 1.336972117424011230e-01 -6.308726966381072998e-02 -6.271762400865554810e-02 1.096543855965137482e-02 -5.392879620194435120e-02 1.999716758728027344e-01 -1.394849270582199097e-01 5.788103491067886353e-02 -1.451136469841003418e-01 1.322066485881805420e-01 -4.965024534612894058e-03 -1.073993742465972900e-01 1.141867507249116898e-02 -4.597086831927299500e-02 -2.416594326496124268e-02 1.616778373718261719e-01 1.549694091081619263e-01 1.084475666284561157e-01 6.039180234074592590e-02 -2.141842097043991089e-01 5.482868477702140808e-02 -3.838584944605827332e-02 -8.215238153934478760e-02 5.663691461086273193e-02 -3.677491843700408936e-02 -7.690998166799545288e-02 1.055995002388954163e-01 7.366508245468139648e-02 -5.764688551425933838e-02 -3.876279667019844055e-02 -2.070765197277069092e-02 1.033365502953529358e-01 1.667971909046173096e-01 -4.831905011087656021e-03 2.047053873538970947e-01 -1.245474964380264282e-01 -1.003337576985359192e-01 2.546406351029872894e-02 -6.691444665193557739e-02 1.155655458569526672e-01 1.284367740154266357e-01 -2.076656520366668701e-01 3.728434443473815918e-02 -1.302818208932876587e-02 1.601967662572860718e-01 1.452587097883224487e-01 -8.176971971988677979e-02 -9.843121469020843506e-02 9.282553941011428833e-02 -1.288693100214004517e-01 2.695203945040702820e-02 -9.046499431133270264e-02 -5.749920010566711426e-02 -2.047718688845634460e-02
8.249576389789581299e-02 -1.348053663969039917e-01 1.279027294367551804e-02 -4.116655141115188599e-02 3.470287099480628967e-02 4.043140634894371033e-02 -3.711408749222755432e-02 -6.645864993333816528e-02 1.474330723285675049e-01 3.590615093708038330e-02 -1.261257380247116089e-01 1.956645995378494263e-01 1.023767068982124329e-01 -2.459141239523887634e-02 8.537291735410690308e-02 8.037953078746795654e-02 1.301587224006652832e-01 1.524394750595092773e-01 2.153397053480148315e-01 -1.344848871231079102e-01 7.610175013542175293e-02 1.500180363655090332e-01 -1.931646838784217834e-04 6.858244538307189941e-02 1.783295273780822754e-01 -3.146848082542419434e-02 -6.229571625590324402e-02 -6.005264818668365479e-02 -4.830219969153404236e-02 1.832336336374282837e-01 -5.426659062504768372e-02 -1.689697802066802979e-02 1.466042697429656982e-01 -2.205040678381919861e-02 -1.829997748136520386e-01 2.178130000829696655e-01 -1.601737737655639648e-01 -5.573787167668342590e-02 -1.161436140537261963e-01 1.002809554338455200e-01 8.825603127479553223e-02 2.476138435304164886e-02 1.652040518820285797e-02 8.906826376914978027e-02 -1.017262972891330719e-02 1.054940074682235718e-01 -3.432681784033775330e-03 2.157326489686965942e-01 1.048612073063850403e-01 -1.344543844461441040e-01 7.711260020732879639e-02 2.831563353538513184e-02 1.135017909109592438e-02 1.637424528598785400e-01 1.441826857626438141e-02 1.338670700788497925e-01 8.452870696783065796e-02 3.062333911657333374e-02 -1.383590549230575562e-01 1.263556927442550659e-01 6.028184294700622559e-02 3.550377488136291504e-02 1.845547258853912354e-01 1.956190466880798340e-01
3.887285292148590088e-02 1.459025740623474121e-01 -9.730727225542068481e-02 1.688903123140335083e-01 4.492633044719696045e-02 -1.024294644594192505e-01 1.117125749588012695e-01 1.442062109708786011e-01 5.005040206015110016e-03 1.146795675158500671e-01 -2.241361327469348907e-02 3.127994388341903687e-02 -1.196314208209514618e-02 7.712592929601669312e-02 -1.444720327854156494e-01 2.030449956655502319e-01 -8.170659840106964111e-02 8.228996396064758301e-02 -1.388372778892517090e-01 7.179348915815353394e-02 3.082152642309665680e-02 -5.048293992877006531e-02 -1.386661678552627563e-01 2.307154983282089233e-02 -1.975928898900747299e-03 5.448652431368827820e-02 1.763470023870468140e-01 -5.271329358220100403e-02 -5.070383101701736450e-02 -6.461653113365173340e-02 1.735959947109222412e-01 9.803168475627899170e-03 -4.762305412441492081e-03 4.094100743532180786e-02 -5.933675449341535568e-03 -1.641777753829956055e-01 2.022488713264465332e-01 1.601913869380950928e-01 2.481032907962799072e-02 1.132771465927362442e-02 2.189850434660911560e-02 2.824677713215351105e-02 1.272614449262619019e-01 -1.267675459384918213e-01 9.816210716962814331e-02 2.444746904075145721e-02 -1.029073894023895264e-01 1.001191735267639160e-01 2.818359620869159698e-02 2.331711910665035248e-02 9.158751368522644043e-02 -7.011607289314270020e-02 6.873217970132827759e-02 -9.216856211423873901e-02 -2.985558821819722652e-04 2.159259468317031860e-01 1.073316484689712524e-02 -2.330733276903629303e-02 -1.419133972376585007e-02 -9.975279867649078369e-02 -2.657792158424854279e-02 -2.152284979820251465e-01 -9.654844552278518677e-02 -1.696032881736755371e-01
-6.741648912429809570e-02 5.127620324492454529e-02 4.252040758728981018e-02 8.586745709180831909e-02 1.169889122247695923e-01 2.537071239203214645e-03 6.781875342130661011e-02 2.997847972437739372e-03 6.859908998012542725e-02 -1.970045268535614014e-02 -2.942815981805324554e-02 1.776007749140262604e-02 -1.505628228187561035e-01 -9.160923957824707031e-02 -8.572055399417877197e-02 1.959683746099472046e-01 -2.972409874200820923e-02 -2.959480136632919312e-02 -1.888552457094192505e-01 1.740646809339523315e-01 1.125229671597480774e-01 -2.757208421826362610e-02 -2.629063464701175690e-02 1.201576814055442810e-01 -1.686682105064392090e-01 1.579353064298629761e-01 1.171437278389930725e-01 1.629756093025207520e-01 -6.977924704551696777e-02 8.370451629161834717e-03 1.404027640819549561e-01 3.726281598210334778e-02 1.818692497909069061e-02 5.269408598542213440e-02 -1.766048558056354523e-02 -5.350712686777114868e-02 8.929946273565292358e-02 1.162218004465103149e-01 6.332708150148391724e-02 -7.633079588413238525e-02 1.524177193641662598e-01 1.152699440717697144e-01 9.037679992616176605e-03 6.172206997871398926e-02 1.676622629165649414e-01 3.170783817768096924e-02 -1.138019859790802002e-01 5.355265736579895020e-02 -9.067968465387821198e-03 -1.337403245270252228e-02 9.512167423963546753e-02 -1.327074468135833740e-01 9.321654587984085083e-02 5.697309039533138275e-03 -1.245871931314468384e-02 8.475332707166671753e-02 2.390675246715545654e-03 1.982740312814712524e-02 2.080013751983642578e-01 -1.966942660510540009e-02 -6.550059467554092407e-02 -9.053608775138854980e-02 -1.584937274456024170e-01 1.713334396481513977e-02
1.640156805515289307e-01 -5.520014092326164246e-02 -9.041763842105865479e-04 -5.196623876690864563e-02 5.133691802620887756e-02 -6.178088858723640442e-02 -8.715851604938507080e-02 -3.561859577894210815e-02 -1.630786061286926270e-02 -1.083856746554374695e-01 -2.337159030139446259e-02 7.995150983333587646e-02 -1.337443199008703232e-02 -1.057511866092681885e-01 1.808079779148101807e-01 -1.128316577523946762e-02 1.249732598662376404e-01 -1.021494269371032715e-01 1.020946875214576721e-01 8.140920102596282959e-02 -6.719047203660011292e-03 4.503775015473365784e-02 7.154055684804916382e-02 3.227228671312332153e-02 1.915481686592102051e-01 3.076941519975662231e-02 -1.516141742467880249e-01 -3.202393278479576111e-02 -1.386457234621047974e-01 1.615799367427825928e-01 5.233062058687210083e-02 2.689519710838794708e-02 1.865838468074798584e-01 -8.290261775255203247e-02 -1.080168858170509338e-01 3.028772026300430298e-02 3.313689306378364563e-02 3.443197160959243774e-02 6.939151138067245483e-02 -4.591779038310050964e-02 -3.440214693546295166e-02 -8.918001502752304077e-02 -9.223437309265136719e-02 4.176041111350059509e-03 -3.890508413314819336e-02 1.763505190610885620e-01 -1.130200922489166260e-01 -1.186123415827751160e-01 1.512192040681838989e-01 8.210711926221847534e-02 -1.146166920661926270e-01 1.045116856694221497e-01 -4.826594889163970947e-02 4.845073819160461426e-02 1.087619215250015259e-01 -7.973928749561309814e-02 -2.539016492664813995e-02 1.068540103733539581e-02 -1.636641100049018860e-02 7.072056084871292114e-02 -4.861095454543828964e-03 -6.984844058752059937e-02 5.423700436949729919e-02 1.770848184823989868e-01
1.949463635683059692e-01 -9.569779783487319946e-02 6.739835441112518311e-02 1.550591201521456242e-03 3.328549489378929138e-02 1.318062841892242432e-01 -1.431154757738113403e-01 -1.221817359328269958e-01 -3.048491291701793671e-02 -1.129454448819160461e-01 -8.188593387603759766e-02 2.030048370361328125e-01 1.940234452486038208e-01 -1.253952234983444214e-01 1.206129714846611023e-01 1.189990490674972534e-01 2.394634112715721130e-02 8.958013355731964111e-02 -9.109351783990859985e-03 3.925215080380439758e-02 -5.331788677722215652e-03 -1.073864474892616272e-02 1.583713144063949585e-01 2.954771369695663452e-02 4.979179799556732178e-02 -1.241880655288696289e-01 4.247686639428138733e-02 -1.335883047431707382e-02 7.166795432567596436e-02 6.253266334533691406e-02 -1.055500805377960205e-01 6.612305343151092529e-02 1.446276344358921051e-02 -1.723787486553192139e-01 -1.403720080852508545e-01 8.727772533893585205e-02 -7.417725771665573120e-02 -1.795256435871124268e-01 -1.073145046830177307e-01 6.135242432355880737e-02 6.459785252809524536e-02 -2.575800567865371704e-02 -5.736026540398597717e-02 1.772439777851104736e-01 -4.906117543578147888e-02 7.197496294975280762e-02 5.316525232046842575e-03 1.376208513975143433e-01 1.332009136676788330e-01 -2.194422855973243713e-02 -4.465762898325920105e-02 1.685096323490142822e-01 5.531929433345794678e-02 3.543070703744888306e-02 1.255896538496017456e-01 3.136124461889266968e-02 1.763089001178741455e-01 2.269881032407283783e-02 2.784232422709465027e-02 1.738425195217132568e-01 1.423913389444351196e-01 1.262749284505844116e-01 7.560965418815612793e-02 1.668719798326492310e-01
1.165595743805170059e-02 -1.409554332494735718e-01 2.843207679688930511e-03 -3.009071201086044312e-02 -7.084192335605621338e-02 8.173648267984390259e-02 9.433788061141967773e-02 6.349311023950576782e-02 1.714413985610008240e-02 -1.553085166960954666e-02 -1.115894913673400879e-01 1.349273324012756348e-01 -1.379256248474121094e-01 1.589350774884223938e-02 -1.412347517907619476e-02 9.072058647871017456e-02 1.151061803102493286e-01 2.429988048970699310e-02 3.546567261219024658e-02 -1.016273051500320435e-01 -4.750106483697891235e-02 8.203235268592834473e-02 6.926450133323669434e-02 1.038122177124023438e-01 1.224051713943481445e-01 -1.232960000634193420e-01 1.116729900240898132e-01 6.065187603235244751e-02 8.253949880599975586e-02 8.023981750011444092e-02 7.213056087493896484e-02 -3.502400219440460205e-02 -1.677869632840156555e-02 -1.492083370685577393e-01 -4.122003167867660522e-02 1.602556928992271423e-02 5.248761177062988281e-02 2.404517121613025665e-02 -1.353467702865600586e-01 -6.729701906442642212e-02 -9.220142662525177002e-02 6.282316055148839951e-03 -1.391405165195465088e-01 1.176158338785171509e-01 -3.324598073959350586e-02 1.187677308917045593e-01 2.878965437412261963e-02 -1.088481098413467407e-01 -3.539320454001426697e-02 7.036814838647842407e-02 -8.669286221265792847e-02 1.896781921386718750e-01 -1.540694385766983032e-02 2.013336308300495148e-02 8.314765244722366333e-02 -8.570553734898567200e-03 1.759544759988784790e-01 1.478345096111297607e-01 3.440380841493606567e-02 -1.535232458263635635e-02 1.055699363350868225e-01 -6.906955502927303314e-03 3.671128675341606140e-02 1.261459439992904663e-01
4.813043773174285889e-02 9.396184980869293213e-02 -1.665873229503631592e-01 1.853654086589813232e-01 1.165459677577018738e-01 -1.121071949601173401e-01 7.455509155988693237e-02 7.502522319555282593e-02 -5.919906497001647949e-02 2.513260766863822937e-02 7.303376495838165283e-02 -1.724958866834640503e-01 -1.613542586565017700e-01 -4.305761307477951050e-02 3.109071170911192894e-03 -6.737866252660751343e-02 -8.281433582305908203e-02 8.822562545537948608e-02 -1.895539760589599609e-01 -4.272633418440818787e-02 1.513577550649642944e-01 3.331321477890014648e-02 -1.728983670473098755e-01 1.519919633865356445e-01 -1.619409024715423584e-01 2.277855873107910156e-01 1.420013904571533203e-01 7.102642208337783813e-02 6.933710724115371704e-02 -1.432484984397888184e-01 8.675126731395721436e-02 1.296624839305877686e-01 4.544506594538688660e-02 2.001638896763324738e-02 1.074429750442504883e-01 4.446399956941604614e-02 1.180074885487556458e-01 1.338672339916229248e-01 -6.207429990172386169e-02 2.926744055002927780e-03 -6.638233363628387451e-02 4.658685624599456787e-02 7.148379832506179810e-02 -1.771509200334548950e-01 1.384493410587310791e-01 2.483297511935234070e-02 1.600725762546062469e-02 -2.674410934560000896e-04 3.757410496473312378e-02 8.154812268912792206e-03 -7.987103611230850220e-02 -1.361199170351028442e-01 1.810185797512531281e-02 1.294651925563812256e-01 1.013043299317359924e-01 1.362420320510864258e-01 9.386756457388401031e-03 -1.368684917688369751e-01 2.205917537212371826e-01 -3.779646242037415504e-03 -1.002266183495521545e-01 -1.141141653060913086e-01 -6.550806015729904175e-02 -1.132870316505432129e-01
5.155941843986511230e-02 2.038740217685699463e-01 -3.469610586762428284e-02 4.955477267503738403e-02 1.690610349178314209e-01 -1.390234678983688354e-01 2.145251929759979248e-01 -3.205607831478118896e-02 4.871008917689323425e-02 7.567286491394042969e-02 -5.687815323472023010e-02 -1.482957899570465088e-01 -1.706455796957015991e-01 3.221568465232849121e-02 -1.283886283636093140e-01 2.115078419446945190e-01 -5.951817706227302551e-02 -1.177794709801673889e-01 -1.423968374729156494e-01 5.304942280054092407e-02 -1.054691448807716370e-01 -2.494323253631591797e-02 -2.179117202758789062e-01 9.846712648868560791e-02 2.017863839864730835e-02 -5.295521579682826996e-03 2.148903012275695801e-01 1.630923338234424591e-02 1.329676508903503418e-01 -6.849748641252517700e-02 1.693398058414459229e-01 2.739226259291172028e-02 -7.223924994468688965e-02 2.354817930608987808e-03 -1.054340321570634842e-02 3.899829834699630737e-02 1.370698064565658569e-01 1.123254522681236267e-01 2.012148052453994751e-01 -1.739060729742050171e-01 5.223453044891357422e-03 2.651595696806907654e-02 -5.490487907081842422e-03 -1.883827596902847290e-01 1.597734391689300537e-01 -1.066149771213531494e-01 -1.508984714746475220e-01 1.564012169837951660e-01 -5.014732480049133301e-02 4.154656827449798584e-02 6.879952549934387207e-02 -1.533224284648895264e-01 -6.507084239274263382e-03 -7.066686451435089111e-02 1.374356448650360107e-01 7.621242105960845947e-02 -1.114406660199165344e-01 3.399776667356491089e-02 1.767648160457611084e-01 1.531807426363229752e-02 7.090213894844055176e-02 -3.353461390361189842e-03 -1.456307023763656616e-01 6.009420007467269897e-02
4.244435206055641174e-02 -2.809906145557761192e-04 7.868518680334091187e-02 -3.171331807971000671e-02 1.086791232228279114e-02 -1.647045835852622986e-02 -1.379035413265228271e-01 -7.501442730426788330e-02 4.186482354998588562e-02 -2.809216827154159546e-02 5.647857859730720520e-02 2.108720988035202026e-01 1.042807772755622864e-01 -1.330546885728836060e-01 1.241682693362236023e-01 -1.275677233934402466e-01 1.605622619390487671e-01 -6.956130266189575195e-02 1.180428862571716309e-01 8.032491803169250488e-02 -1.840388216078281403e-02 1.769886612892150879e-01 2.029414474964141846e-01 4.095919057726860046e-02 -2.518026717007160187e-02 -2.216381207108497620e-02 -8.541392534971237183e-02 -7.744409143924713135e-02 6.096321716904640198e-02 1.001202687621116638e-01 8.563842624425888062e-02 -7.417704910039901733e-02 9.534171968698501587e-02 -1.140369772911071777e-01 5.271535832434892654e-03 3.032690100371837616e-02 3.606880456209182739e-02 -8.653203397989273071e-02 -1.025318875908851624e-01 1.576185822486877441e-01 -6.643062829971313477e-02 -1.265379935503005981e-01 9.091675281524658203e-02 1.589326262474060059e-01 -1.273468285799026489e-01 1.506847888231277466e-01 -2.245014347136020660e-02 8.267733454704284668e-02 6.832596659660339355e-02 4.116814583539962769e-02 -7.588362321257591248e-03 1.659802347421646118e-01 -3.750831633806228638e-02 -1.189607661217451096e-02 2.669174410402774811e-02 1.030850782990455627e-01 1.017864495515823364e-01 2.081172168254852295e-01 -1.039640903472900391e-01 9.058216959238052368e-02 1.083044782280921936e-01 1.986051648855209351e-01 1.224390864372253418e-01 5.593750625848770142e-02
3.387435525655746460e-02 1.041101142764091492e-01 -1.566974073648452759e-01 1.442607343196868896e-01 1.494656130671501160e-02 -3.385921567678451538e-02 2.016367614269256592e-01 1.534616202116012573e-01 4.014534503221511841e-02 -5.284547805786132812e-02 1.427489817142486572e-01 -4.342481493949890137e-02 3.621878474950790405e-02 -5.301939789205789566e-03 -1.258188784122467041e-01 2.008371502161026001e-01 3.320298343896865845e-02 -7.962773740291595459e-02 -5.867167562246322632e-02 8.459421247243881226e-02 6.836650520563125610e-02 4.948274791240692139e-02 -1.784590333700180054e-01 7.496390491724014282e-02 4.216158017516136169e-02 7.308565825223922729e-02 3.005632944405078888e-02 -1.718002744019031525e-02 1.104169413447380066e-01 -4.191650077700614929e-02 1.527557522058486938e-01 1.255306303501129150e-01 -1.439015120267868042e-01 9.261602908372879028e-02 1.752632856369018555e-01 -1.796761304140090942e-01 7.955735921859741211e-02 3.684860840439796448e-02 -1.195091288536787033e-02 -4.340650513768196106e-02 1.507751792669296265e-01 5.761864036321640015e-02 -5.570821464061737061e-02 -1.324181854724884033e-01 1.943100988864898682e-02 3.985959291458129883e-02 1.482228469103574753e-02 8.583291620016098022e-02 -1.006472259759902954e-01 1.405469775199890137e-01 4.498820751905441284e-02 -1.650595515966415405e-01 -1.315747052431106567e-01 1.023929268121719360e-01 1.012494266033172607e-01 3.541444614529609680e-02 2.540258504450321198e-02 -4.504103586077690125e-02 -2.222613431513309479e-02 2.336999960243701935e-02 -4.415211267769336700e-03 -6.217695772647857666e-03 -6.143331527709960938e-02 -1.721371859312057495e-01
-9.175823628902435303e-02 -5.401381850242614746e-02 5.567803978919982910e-02 5.725590884685516357e-02 1.111933030188083649e-02 -8.187755942344665527e-02 2.108952403068542480e-02 -7.722885906696319580e-02 -7.290480192750692368e-03 5.133887007832527161e-02 5.174525454640388489e-02 2.978216111660003662e-02 2.232263982295989990e-02 3.821742534637451172e-02 -2.006665989756584167e-02 -1.114447414875030518e-01 -1.009278148412704468e-01 -1.738547533750534058e-02 -1.167980139143764973e-03 -7.037249207496643066e-02 -7.370332721620798111e-03 1.182722151279449463e-01 -7.122132182121276855e-02 6.072110310196876526e-02 1.099212914705276489e-01 1.036575287580490112e-01 -2.897980809211730957e-02 6.441131979227066040e-02 -3.387270495295524597e-03 -7.548573613166809082e-02 -2.083461172878742218e-02 1.431417372077703476e-02 -8.871209621429443359e-02 2.164931595325469971e-02 -1.247644200921058655e-01 8.882392942905426025e-02 -7.564973831176757812e-02 9.038357436656951904e-02 7.224605977535247803e-02 -7.371468842029571533e-02 -1.236002221703529358e-01 -3.824892640113830566e-02 7.572427392005920410e-02 3.119432926177978516e-02 5.213266611099243164e-02 5.683445930480957031e-02 9.046614170074462891e-03 -1.169694364070892334e-01 -7.531940937042236328e-02 2.166147157549858093e-02 -6.004110351204872131e-02 6.379683315753936768e-02 6.226813793182373047e-02 2.409003302454948425e-02 -1.097091734409332275e-01 -3.105489909648895264e-02 -8.385767787694931030e-02 -1.184428483247756958e-01 -5.615884065628051758e-02 -1.085860878229141235e-01 -5.278929322957992554e-02 -7.556951045989990234e-02 -3.210543096065521240e-02 -1.207831501960754395e-01
-1.076190499588847160e-03 7.204767316579818726e-02 3.465073928236961365e-02 1.036201417446136475e-01 7.801669836044311523e-02 -1.274744570255279541e-01 1.238299533724784851e-01 1.266313344240188599e-01 -1.018344089388847351e-01 2.106668800115585327e-02 2.775446698069572449e-02 3.006490180268883705e-03 3.500450775027275085e-02 -2.385436557233333588e-02 -1.199865266680717468e-01 -2.717481739819049835e-02 -1.372589915990829468e-01 8.967982977628707886e-02 -4.823976755142211914e-02 -1.397618092596530914e-02 6.050978228449821472e-02 -1.931864768266677856e-02 -2.841216698288917542e-02 1.289659589529037476e-01 -1.374208182096481323e-01 7.454439252614974976e-02 1.520036756992340088e-01 -1.682402193546295166e-02 -9.775009751319885254e-02 1.392098050564527512e-02 1.308507770299911499e-01 1.317248493432998657e-01 -1.487591117620468140e-01 6.800574064254760742e-02 1.026960462331771851e-01 6.101181358098983765e-02 8.233065158128738403e-02 1.248594671487808228e-01 1.667553782463073730e-01 -1.096647828817367554e-01 6.826420873403549194e-02 8.677018433809280396e-02 4.664421826601028442e-02 -1.690817624330520630e-01 1.133073940873146057e-01 -8.438958972692489624e-02 -6.740570813417434692e-02 3.638377040624618530e-02 -4.123878479003906250e-02 1.084002852439880371e-01 1.946264207363128662e-01 -1.700134873390197754e-01 -1.621758006513118744e-02 9.514817595481872559e-02 2.328665181994438171e-02 2.057338804006576538e-01 -4.912758246064186096e-02 5.121294409036636353e-02 6.358473747968673706e-02 -3.482969477772712708e-02 6.783380359411239624e-02 -1.786850541830062866e-01 -1.054842472076416016e-01 -2.854567766189575195e-02
6.423351168632507324e-02 -1.064692884683609009e-01 1.514480412006378174e-01 1.960163936018943787e-02 -9.450415521860122681e-02 2.249130047857761383e-02 7.451460231095552444e-03 1.083610672503709793e-02 1.819349080324172974e-02 -1.323876082897186279e-01 -1.782287284731864929e-02 1.032740548253059387e-01 1.110950578004121780e-02 -8.709384500980377197e-02 4.377358406782150269e-02 1.122703254222869873e-01 -2.249597944319248199e-02 7.916931062936782837e-02 1.776901185512542725e-01 -1.667643189430236816e-01 3.481322899460792542e-02 1.691294014453887939e-01 1.490463316440582275e-01 5.056044459342956543e-02 6.083566229790449142e-03 -6.871230155229568481e-02 -1.375633180141448975e-01 -1.535169035196304321e-02 1.122745350003242493e-01 -1.965327374637126923e-02 1.766652613878250122e-02 -5.466094613075256348e-02 3.742386773228645325e-02 -1.743919029831886292e-02 2.221667394042015076e-02 7.584970444440841675e-03 -7.928954064846038818e-02 2.807691507041454315e-02 -2.882169559597969055e-02 2.491755485534667969e-01 -7.341716438531875610e-02 -1.244973540306091309e-01 4.567805677652359009e-03 1.693832427263259888e-01 -1.299087554216384888e-01 1.900264769792556763e-01 5.895417183637619019e-02 8.880042284727096558e-02 -1.204112078994512558e-02 -2.532067336142063141e-02 -7.887758314609527588e-02 2.218212336301803589e-01 1.866274327039718628e-01 5.090130865573883057e-02 5.764375999569892883e-02 4.642390087246894836e-02 5.120043456554412842e-02 1.393572837114334106e-01 -1.005174890160560608e-01 1.901394873857498169e-01 1.664421558380126953e-01 1.415736414492130280e-02 -1.006677281111478806e-03 2.377306520938873291e-01
3.063112124800682068e-02 1.875948160886764526e-01 -3.003125078976154327e-03 1.403073966503143311e-01 3.654322400689125061e-02 -1.588216274976730347e-01 7.339629530906677246e-02 1.756591945886611938e-01 -5.555349960923194885e-02 1.316555291414260864e-01 3.095373138785362244e-02 -9.191017597913742065e-02 -2.073449343442916870e-01 6.866082549095153809e-02 -1.963129639625549316e-01 9.647878259420394897e-02 -1.271050572395324707e-01 7.537036389112472534e-02 -3.270971402525901794e-02 5.942827835679054260e-02 3.112966194748878479e-02 -6.117170676589012146e-02 -1.553062796592712402e-01 5.314590036869049072e-02 -1.849406659603118896e-01 1.610343307256698608e-01 1.594231724739074707e-01 7.936233282089233398e-02 3.615795075893402100e-02 -4.466310143470764160e-02 -4.203753918409347534e-02 7.065678387880325317e-02 -1.513300240039825439e-01 1.871144771575927734e-01 9.627147018909454346e-02 2.197787724435329437e-02 8.230073750019073486e-02 1.684254705905914307e-01 -2.692060370463877916e-04 1.705154404044151306e-02 -4.125177115201950073e-02 1.814014315605163574e-01 1.304665952920913696e-01 -4.206613823771476746e-02 2.035910189151763916e-01 -1.084554269909858704e-01 -1.656865477561950684e-01 1.256066560745239258e-01 2.264595590531826019e-02 1.977129466831684113e-02 6.750405579805374146e-02 -1.785339564085006714e-01 -4.319226369261741638e-03 8.982346951961517334e-02 8.657690137624740601e-03 1.073018908500671387e-01 -7.395094633102416992e-02 -1.183226183056831360e-01 -9.356278926134109497e-03 8.042041212320327759e-03 6.290104985237121582e-02 -1.201535761356353760e-01 4.561539739370346069e-02 -1.763224601745605469e-01
-3.004804067313671112e-02 1.637326478958129883e-01 -1.541899740695953369e-01 -1.185561437159776688e-02 -7.892699912190437317e-03 9.525275789201259613e-03 -1.007311791181564331e-02 1.326430141925811768e-01 -6.447383016347885132e-02 7.140631973743438721e-02 1.261681970208883286e-02 8.285648655146360397e-04 2.016244642436504364e-02 -6.126094609498977661e-03 -1.422629803419113159e-01 2.215651050209999084e-02 -1.358682638965547085e-03 -8.695666491985321045e-02 3.628408908843994141e-02 1.405482832342386246e-02 6.027185916900634766e-02 -5.352228879928588867e-02 1.076539140194654465e-02 -6.277140229940414429e-02 -3.087493404746055603e-02 1.069270446896553040e-01 7.101479172706604004e-02 1.531033962965011597e-01 1.285586878657341003e-02 -5.082589387893676758e-02 7.058383524417877197e-02 1.780674159526824951e-01 4.581213369965553284e-02 6.176954507827758789e-02 1.526176035404205322e-01 4.090786352753639221e-02 4.820189625024795532e-02 3.109752200543880463e-02 1.248046234250068665e-01 -2.204639464616775513e-01 1.401020288467407227e-01 1.069682836532592773e-01 2.622392959892749786e-02 9.488270734436810017e-04 2.271623909473419189e-02 -1.197244301438331604e-01 -2.035291492938995361e-02 5.212871357798576355e-03 -1.305978447198867798e-01 1.386357098817825317e-01 1.484081447124481201e-01 1.376547105610370636e-02 6.081655994057655334e-02 1.061956882476806641e-01 1.467812210321426392e-01 6.089457497000694275e-02 -3.470340510830283165e-03 -6.915009021759033203e-02 8.940909057855606079e-02 -1.398738324642181396e-01 4.565058648586273193e-02 -5.561209283769130707e-03 3.088393621146678925e-02 -1.607317626476287842e-01
1.189927235245704651e-01 -1.044074892997741699e-01 1.647386848926544189e-01 -7.976645603775978088e-03 -9.770729392766952515e-02 5.528882890939712524e-02 -7.659959048032760620e-02 5.113788694143295288e-02 -3.479891642928123474e-02 1.349835842847824097e-02 4.897099733352661133e-02 -1.716659218072891235e-02 4.499196261167526245e-02 2.436877414584159851e-02 1.068022698163986206e-01 9.233182668685913086e-02 -4.201077669858932495e-02 1.181192919611930847e-01 1.082154288887977600e-01 -7.651641219854354858e-02 -1.187949553132057190e-01 1.465790867805480957e-01 -2.742129005491733551e-02 5.508473515510559082e-02 1.875781863927841187e-01 -1.844265758991241455e-01 -2.546695247292518616e-02 7.482840865850448608e-02 -7.104644924402236938e-02 1.344836875796318054e-02 -9.041492640972137451e-02 -1.370662897825241089e-01 1.006538271903991699e-01 -1.090338900685310364e-01 -7.247104495763778687e-02 4.981106147170066833e-02 2.142092585563659668e-02 -1.067292094230651855e-01 -1.233976241201162338e-02 9.357307106256484985e-02 9.935295581817626953e-02 -3.814955800771713257e-02 -4.575157538056373596e-02 1.058419719338417053e-01 -2.892654016613960266e-02 5.468863062560558319e-03 -2.180927433073520660e-02 8.235786110162734985e-02 1.193591728806495667e-01 7.990455627441406250e-02 1.590032577514648438e-01 -1.135542988777160645e-02 2.926429174840450287e-02 -5.831570178270339966e-02 1.104879826307296753e-01 1.016533523797988892e-01 1.769507676362991333e-01 2.050841748714447021e-01 -1.251658797264099121e-01 1.296911537647247314e-01 1.451835185289382935e-01 1.594232916831970215e-01 1.371042877435684204e-01 1.680178195238113403e-01
9.471953660249710083e-02 -1.060611307621002197e-01 1.807055175304412842e-01 6.075398623943328857e-02 -1.868314854800701141e-02 1.464303135871887207e-01 -1.090974584221839905e-01 -9.401226043701171875e-02 1.758013814687728882e-01 -2.666937746107578278e-02 -1.061209570616483688e-02 7.357980310916900635e-02 2.887061564251780510e-03 -8.145510405302047729e-02 1.774916201829910278e-01 1.004352420568466187e-01 9.778963774442672729e-02 7.869872450828552246e-02 1.792014017701148987e-02 -6.014633923768997192e-02 7.738693058490753174e-02 2.660153806209564209e-02 8.269070088863372803e-02 4.335642233490943909e-02 1.296349167823791504e-01 -1.751797646284103394e-01 -3.409945219755172729e-02 -1.383115649223327637e-01 -3.084125556051731110e-02 -5.233789328485727310e-03 7.693248987197875977e-02 5.876641348004341125e-02 6.291157752275466919e-02 -2.120243608951568604e-01 1.319436263293027878e-02 1.373261660337448120e-01 -9.071981906890869141e-02 6.013051141053438187e-03 -7.582654803991317749e-02 8.388242870569229126e-02 -3.626959398388862610e-02 -1.971224509179592133e-02 -8.898301422595977783e-02 1.915669143199920654e-01 -1.175346598029136658e-01 1.423594057559967041e-01 8.300280570983886719e-02 6.839001178741455078e-02 3.604729101061820984e-02 -1.820741593837738037e-01 8.070945739746093750e-02 2.178078889846801758e-01 4.982456192374229431e-02 1.550330221652984619e-01 1.242266446352005005e-01 -8.274525403976440430e-03 5.762803182005882263e-02 1.624390780925750732e-01 -1.572660803794860840e-01 8.239219337701797485e-02 2.484593912959098816e-02 1.874161362648010254e-01 1.779968589544296265e-01 1.097119152545928955e-01
7.541237026453018188e-02 1.710135936737060547e-01 -3.769212926272302866e-04 2.139955386519432068e-02 1.579486131668090820e-01 -9.102612733840942383e-02 2.102739959955215454e-01 6.554081290960311890e-02 4.063853621482849121e-02 -4.635975509881973267e-02 3.489483147859573364e-03 -5.723913758993148804e-02 -6.339238584041595459e-02 6.273557990789413452e-02 -9.765159338712692261e-02 5.697567015886306763e-03 -9.263630956411361694e-02 -5.816825106739997864e-02 -1.700904220342636108e-01 -1.640129648149013519e-02 -5.053490772843360901e-02 -3.411284089088439941e-02 3.317992761731147766e-02 2.759707719087600708e-02 -2.798220328986644745e-02 1.982340961694717407e-01 8.928205072879791260e-02 1.262263804674148560e-01 1.264707744121551514e-01 -8.900946378707885742e-02 9.530347585678100586e-02 2.526576258242130280e-02 -1.082147210836410522e-01 1.595280170440673828e-01 1.581184864044189453e-01 7.407638709992170334e-03 2.618313580751419067e-02 2.049121260643005371e-01 3.853283077478408813e-02 -1.936536580324172974e-01 2.498934604227542877e-02 2.799384482204914093e-02 -9.284135885536670685e-04 9.293772280216217041e-03 2.742201322689652443e-03 -1.062001362442970276e-01 -1.153333038091659546e-01 1.352260708808898926e-01 -1.310406029224395752e-01 1.544475704431533813e-01 1.677789539098739624e-01 2.729305811226367950e-02 8.379670232534408569e-02 9.829663485288619995e-02 1.211428567767143250e-01 1.203552559018135071e-01 -9.517913311719894409e-02 -1.291705369949340820e-01 8.464526385068893433e-02 -7.591108232736587524e-02 5.589332431554794312e-02 -1.552456617355346680e-01 -7.796660810708999634e-02 -1.490613669157028198e-01
-4.402511194348335266e-02 1.322135776281356812e-01 1.788465492427349091e-02 1.248272880911827087e-01 3.978347778320312500e-02 -1.348776221275329590e-01 7.042731344699859619e-02 1.656308770179748535e-02 -3.691197559237480164e-02 1.522116065025329590e-01 1.354149430990219116e-01 1.841977983713150024e-02 -3.077831491827964783e-02 1.364087760448455811e-01 -9.711365401744842529e-02 2.226939052343368530e-01 3.944994509220123291e-02 1.048851981759071350e-01 -2.429659944027662277e-03 8.769471943378448486e-02 1.225253790616989136e-01 -3.826687484979629517e-02 -6.947175413370132446e-02 -1.806111633777618408e-02 -5.306524410843849182e-02 2.102887928485870361e-01 9.872847050428390503e-02 3.864341601729393005e-02 5.440342426300048828e-02 -8.627877384424209595e-02 1.855359226465225220e-01 1.451538801193237305e-01 -5.639427900314331055e-02 5.163305252790451050e-02 1.142962556332349777e-02 -1.655699163675308228e-01 8.632646501064300537e-02 1.421992015093564987e-02 1.531745791435241699e-01 -1.031133979558944702e-01 1.559181511402130127e-01 8.768815547227859497e-02 1.811824589967727661e-01 -1.752815991640090942e-01 -2.490817941725254059e-02 -1.206661835312843323e-01 -6.682207435369491577e-02 -5.566386971622705460e-03 -2.060998082160949707e-01 1.948234140872955322e-01 -4.365094006061553955e-02 -1.590933799743652344e-01 -9.875444322824478149e-02 2.011965215206146240e-02 -5.389621108770370483e-02 1.709204018115997314e-01 -1.565225571393966675e-01 -1.305271126329898834e-02 7.523033022880554199e-02 5.521147977560758591e-03 2.371665835380554199e-02 -6.174733117222785950e-02 -1.091051623225212097e-01 -9.620071947574615479e-02
1.463181823492050171e-01 -1.936538666486740112e-01 -2.972456067800521851e-02 7.154712080955505371e-02 -1.394281834363937378e-01 1.714768111705780029e-01 -2.073075920343399048e-01 -9.111087769269943237e-02 1.412033103406429291e-02 -2.184287458658218384e-02 1.467299554497003555e-02 1.503035724163055420e-01 1.323459297418594360e-01 2.906844392418861389e-02 2.160475701093673706e-01 4.316455160733312368e-04 1.697071343660354614e-01 1.957416534423828125e-01 1.685695648193359375e-01 -5.537553131580352783e-02 7.042495161294937134e-02 1.477649211883544922e-01 1.889530569314956665e-01 1.522448956966400146e-01 -1.963139697909355164e-02 -1.027604416012763977e-01 -1.703488677740097046e-01 -8.622677065432071686e-03 9.017673321068286896e-03 -2.611363492906093597e-02 -2.308570966124534607e-02 5.849501863121986389e-02 -1.694198325276374817e-02 -1.149435192346572876e-01 -1.721950769424438477e-01 4.982572048902511597e-02 -8.202738314867019653e-02 -1.803320944309234619e-01 4.080863669514656067e-02 2.364906966686248779e-01 7.067062705755233765e-02 3.800961747765541077e-02 5.186197161674499512e-02 1.577677279710769653e-01 -1.084987893700599670e-01 1.382193416357040405e-01 8.458498865365982056e-02 7.869617640972137451e-02 8.702136576175689697e-02 -1.364991217851638794e-01 1.330437809228897095e-01 1.815782636404037476e-01 -1.134445797652006149e-02 -4.928511753678321838e-02 2.077140100300312042e-02 1.176722869277000427e-01 1.206438392400741577e-01 1.965123116970062256e-01 -3.965706378221511841e-02 1.384859085083007812e-01 6.634411215782165527e-02 1.417362391948699951e-01 1.557100191712379456e-02 2.024436183273792267e-02
9.201575070619583130e-03 -1.536527574062347412e-01 1.939395517110824585e-01 1.661093831062316895e-01 -1.724500395357608795e-02 4.500215128064155579e-02 -9.911353886127471924e-02 4.443265497684478760e-02 1.198801025748252869e-01 7.547405362129211426e-02 9.034147113561630249e-02 3.998555615544319153e-02 1.268483996391296387e-01 5.269246175885200500e-02 1.878736466169357300e-01 1.229192093014717102e-01 8.316720277070999146e-02 6.819716840982437134e-02 6.173776462674140930e-02 -1.914594769477844238e-01 3.937915340065956116e-02 1.711882837116718292e-02 -3.576073795557022095e-03 -9.088978171348571777e-02 1.516228318214416504e-01 -1.396367549896240234e-01 -2.595050819218158722e-02 -1.979647874832153320e-01 -2.786354743875563145e-04 -2.672254107892513275e-02 -2.179582417011260986e-02 1.568341851234436035e-01 1.862772852182388306e-01 -1.895249634981155396e-01 -7.739672809839248657e-02 4.567027837038040161e-02 3.204238787293434143e-02 -6.371581554412841797e-02 -1.037919074296951294e-01 2.206391543149948120e-01 -7.065417617559432983e-02 8.599554747343063354e-02 1.489844918251037598e-01 7.583110779523849487e-02 -1.288588643074035645e-01 -6.683859974145889282e-02 1.291356384754180908e-01 1.956431567668914795e-01 1.951344162225723267e-01 -1.759855300188064575e-01 9.282641857862472534e-02 2.976663783192634583e-02 1.514395773410797119e-01 8.076550811529159546e-02 3.820069879293441772e-02 -4.774920269846916199e-02 2.203701762482523918e-03 4.783181846141815186e-02 -2.391011640429496765e-02 1.009606197476387024e-01 1.404584571719169617e-02 1.572286337614059448e-01 -7.142835296690464020e-03 1.388047728687524796e-02
3.919143229722976685e-03 -1.243973299860954285e-01 2.309880107641220093e-01 1.036476045846939087e-01 1.920354925096035004e-02 3.020502254366874695e-02 1.150274798274040222e-01 5.851473659276962280e-02 1.357032358646392822e-01 -1.141660585999488831e-01 -1.596814393997192383e-01 6.963545083999633789e-02 -4.083110764622688293e-02 1.769162132404744625e-03 1.863802522420883179e-01 1.796471625566482544e-01 1.977388560771942139e-02 1.655540317296981812e-01 1.263194829225540161e-01 -6.543307006359100342e-02 8.404713124036788940e-02 4.977919161319732666e-02 6.853855401277542114e-02 6.523192860186100006e-03 1.686813831329345703e-01 -1.886394172906875610e-01 6.866620481014251709e-02 6.232858635485172272e-03 1.120355129241943359e-01 8.553113043308258057e-02 -1.184990722686052322e-02 -5.335837975144386292e-02 1.279672700911760330e-02 -2.458159066736698151e-02 -7.461490482091903687e-02 -2.699675597250461578e-02 1.429171022027730942e-02 -9.149437770247459412e-03 -7.962846755981445312e-02 -7.690652459859848022e-02 1.951673254370689392e-02 -5.481915920972824097e-02 -1.334917098283767700e-01 -4.890107549726963043e-03 9.535112977027893066e-02 -1.974359340965747833e-02 6.293342262506484985e-02 -7.826203363947570324e-04 -8.968648500740528107e-03 7.394735515117645264e-02 7.977335900068283081e-02 5.123576149344444275e-03 1.293026655912399292e-02 4.515980929136276245e-02 -6.058606132864952087e-02 -2.962967753410339355e-02 1.567569673061370850e-01 1.601943671703338623e-01 -3.625493496656417847e-02 2.998873032629489899e-02 4.823350906372070312e-02 -1.385890692472457886e-01 9.336441010236740112e-02 1.330223381519317627e-01
1.106440573930740356e-01 1.689084470272064209e-01 4.484348744153976440e-02 1.598036140203475952e-01 -2.273507975041866302e-02 -3.373314067721366882e-02 4.239869862794876099e-02 2.070647478103637695e-02 -8.745194971561431885e-02 9.257051348686218262e-02 6.188147887587547302e-02 -1.768207736313343048e-02 1.325451955199241638e-02 -7.097534090280532837e-02 -1.475702077150344849e-01 3.201755508780479431e-02 -1.240003407001495361e-01 2.066462114453315735e-02 -9.611307829618453979e-02 3.924133256077766418e-02 -3.638704121112823486e-02 -7.626413553953170776e-02 -2.360545657575130463e-02 1.582507193088531494e-01 -4.338948056101799011e-02 2.041688263416290283e-01 3.920193016529083252e-02 4.783073812723159790e-02 2.541232667863368988e-02 -9.288235753774642944e-02 1.664808206260204315e-02 2.089797519147396088e-02 -9.670123457908630371e-02 2.060020416975021362e-01 2.080029807984828949e-02 -2.983115240931510925e-02 1.852135509252548218e-01 7.027456164360046387e-02 1.468613296747207642e-01 -9.489820897579193115e-02 9.191551059484481812e-02 1.291814595460891724e-01 3.415294736623764038e-02 -2.787310071289539337e-02 1.925026811659336090e-02 3.267078893259167671e-03 -1.178380325436592102e-01 8.966478705406188965e-02 -7.950838655233383179e-02 2.135747373104095459e-01 3.980922512710094452e-03 -1.159724593162536621e-01 5.608781939372420311e-04 1.286844015121459961e-01 -6.114091351628303528e-02 2.176214754581451416e-02 -6.740068644285202026e-02 7.268084585666656494e-02 2.132438272237777710e-01 -3.872644901275634766e-02 -4.682239517569541931e-02 -2.046260982751846313e-01 1.070916187018156052e-02 -8.545113354921340942e-02
1.818897575139999390e-02 -7.732259482145309448e-02 6.276669353246688843e-02 4.342235252261161804e-02 -1.312899738550186157e-01 -1.789078265428543091e-01 -1.579188704490661621e-01 1.057437807321548462e-01 1.196563709527254105e-02 -5.758963897824287415e-02 -2.888787537813186646e-02 1.457459628582000732e-01 -1.293844133615493774e-01 -9.023916907608509064e-03 1.920181214809417725e-01 -5.562752857804298401e-02 7.706391066312789917e-02 1.244241073727607727e-01 2.203794568777084351e-01 -8.758781850337982178e-02 -1.009812727570533752e-01 -4.271189495921134949e-02 1.158952414989471436e-01 1.314360201358795166e-01 1.713320165872573853e-01 -7.350228726863861084e-02 4.923967644572257996e-02 9.070691466331481934e-02 -3.468840569257736206e-02 5.746196210384368896e-02 6.240933015942573547e-02 -5.159559845924377441e-02 1.298440545797348022e-01 8.398197591304779053e-03 6.228384375572204590e-02 8.204486221075057983e-02 6.757470965385437012e-02 5.277973040938377380e-02 -6.575991213321685791e-02 -1.368975639343261719e-01 -4.542902484536170959e-02 -5.502275750041007996e-02 -4.928265698254108429e-03 2.760697156190872192e-02 1.040478236973285675e-02 9.547105431556701660e-02 1.819672435522079468e-01 -8.212093263864517212e-02 2.046467065811157227e-01 -7.574847340583801270e-02 -1.011746153235435486e-01 1.492887139320373535e-01 1.510322391986846924e-01 1.050279513001441956e-01 -7.064698264002799988e-03 3.368628770112991333e-02 5.608436837792396545e-02 6.982258707284927368e-02 -8.095722645521163940e-03 7.254316657781600952e-02 3.611858934164047241e-02 -1.186594590544700623e-01 1.876767128705978394e-01 1.010830923914909363e-01
-4.916474968194961548e-02 1.353483498096466064e-01 -1.480609625577926636e-01 4.167404025793075562e-02 9.091695398092269897e-02 -7.516302913427352905e-02 1.769591420888900757e-01 1.547001302242279053e-01 4.390878230333328247e-02 1.030195951461791992e-01 -1.608336530625820160e-02 -5.184539034962654114e-02 -6.584696471691131592e-02 1.366518530994653702e-02 1.166525669395923615e-02 9.741991758346557617e-02 4.632197320461273193e-02 -6.302754580974578857e-02 -7.964102178812026978e-02 -5.941989645361900330e-02 -6.229436490684747696e-03 -5.443911254405975342e-02 -7.805359363555908203e-02 -2.171110734343528748e-02 -7.702614367008209229e-02 2.118925154209136963e-01 1.971247047185897827e-01 -1.998735778033733368e-02 -6.873362511396408081e-02 -3.395468741655349731e-02 1.034232974052429199e-01 1.268933266401290894e-01 -8.714162558317184448e-02 9.212189912796020508e-02 1.510805040597915649e-01 1.183602139353752136e-01 -2.107383310794830322e-02 9.274059906601905823e-03 2.807907201349735260e-02 -1.329096555709838867e-01 2.659487165510654449e-02 6.637027859687805176e-02 1.455644071102142334e-01 1.726245135068893433e-02 6.266662478446960449e-02 4.680608212947845459e-02 -8.146116137504577637e-02 7.831560075283050537e-02 6.132192164659500122e-02 2.204258441925048828e-01 6.214135885238647461e-02 -1.293367594480514526e-01 -5.683123320341110229e-02 4.020262137055397034e-02 -2.941348962485790253e-02 1.595475971698760986e-01 3.413836285471916199e-02 -5.138276144862174988e-02 3.957315161824226379e-02 1.249206997454166412e-02 6.302097439765930176e-02 -1.629209518432617188e-01 -7.674169540405273438e-02 -1.981535181403160095e-02
-1.593255698680877686e-01 -1.601029336452484131e-01 1.139572560787200928e-01 -2.042680792510509491e-02 -9.879945963621139526e-02 8.920101076364517212e-02 -1.292889267206192017e-01 -2.158124297857284546e-01 3.519697487354278564e-02 -5.495999753475189209e-02 1.712790131568908691e-01 1.428318917751312256e-01 9.793867915868759155e-02 -1.047796532511711121e-01 6.126199290156364441e-02 -6.918627023696899414e-02 8.056221902370452881e-02 1.506329141557216644e-02 1.285308450460433960e-01 -1.405934542417526245e-01 -2.797007327899336815e-03 -6.861460953950881958e-02 -9.513925015926361084e-02 -1.361398100852966309e-01 -8.555610477924346924e-02 -5.513392388820648193e-02 1.649691537022590637e-02 -3.584875538945198059e-02 4.350694268941879272e-02 1.685231178998947144e-01 7.773354649543762207e-02 4.734482988715171814e-02 1.382221281528472900e-01 -5.448669567704200745e-02 -9.385121054947376251e-03 7.114408165216445923e-02 9.679528325796127319e-02 -1.750141754746437073e-02 -7.270058989524841309e-02 3.544619306921958923e-02 -8.430727571249008179e-02 -6.041942909359931946e-02 2.164161652326583862e-01 1.307366788387298584e-01 1.866790093481540680e-02 2.251086756587028503e-03 -1.849649706855416298e-03 3.737823292613029480e-02 -1.366614997386932373e-01 -1.985359750688076019e-02 1.310008466243743896e-01 1.912533640861511230e-01 -1.397202312946319580e-01 -9.987555444240570068e-03 -4.061317443847656250e-02 5.640549585223197937e-02 1.063888370990753174e-01 -8.263273537158966064e-02 -9.272862225770950317e-02 1.854663193225860596e-01 -1.140616536140441895e-01 3.130108490586280823e-02 1.591979116201400757e-01 -8.650339208543300629e-03
1.519608963280916214e-02 -1.320803314447402954e-01 1.971062123775482178e-01 -8.597915619611740112e-02 3.374880552291870117e-02 -8.975034207105636597e-02 -1.257183998823165894e-01 7.108570635318756104e-02 9.784448891878128052e-03 -3.112515620887279510e-02 -6.867463886737823486e-02 1.230164095759391785e-01 -7.793876528739929199e-02 -8.890835940837860107e-02 1.065820604562759399e-01 1.418333593755960464e-02 1.399571746587753296e-01 1.153911873698234558e-01 2.106932848691940308e-01 7.404185831546783447e-02 8.592391014099121094e-02 -3.255797922611236572e-02 1.293851733207702637e-01 -2.152007073163986206e-02 4.278117790818214417e-02 1.617265678942203522e-02 5.241981893777847290e-02 -1.042136326432228088e-01 5.077081918716430664e-02 1.181799322366714478e-01 -1.250097304582595825e-01 -1.534382104873657227e-01 1.588616073131561279e-01 -1.229687593877315521e-02 -1.939919660799205303e-03 1.713839024305343628e-01 1.783075276762247086e-03 -5.534664541482925415e-02 -5.385471507906913757e-02 -1.198905259370803833e-01 -7.011894602328538895e-03 -8.236897736787796021e-02 1.118592172861099243e-02 1.078697815537452698e-01 1.394693367183208466e-02 1.092727854847908020e-01 1.686708629131317139e-01 7.848147302865982056e-02 1.280398666858673096e-01 -4.215542972087860107e-02 3.965582326054573059e-02 -1.597333513200283051e-02 -9.950196370482444763e-03 1.082466691732406616e-01 -6.988858431577682495e-02 7.517474889755249023e-02 1.372352391481399536e-01 8.522445708513259888e-02 -1.053744032979011536e-01 -1.931979879736900330e-02 9.354145079851150513e-02 -3.271646425127983093e-02 -7.020931225270032883e-03 -2.293124794960021973e-02
1.265714764595031738e-01 1.521966308355331421e-01 -1.428143084049224854e-01 -1.176365017890930176e-01 -6.864269077777862549e-02 1.176322437822818756e-02 -1.878986135125160217e-02 -1.299216449260711670e-01 2.326453104615211487e-02 -8.711566776037216187e-02 6.095091626048088074e-02 -4.440327174961566925e-03 -1.162845408543944359e-03 8.860572427511215210e-02 9.480742365121841431e-02 -6.382656097412109375e-02 8.876204490661621094e-02 -1.108967363834381104e-01 -7.672154158353805542e-02 3.464455017820000648e-03 1.058184634894132614e-02 6.514817476272583008e-02 -8.262350410223007202e-02 -5.665965378284454346e-02 4.882234707474708557e-02 2.173233926296234131e-01 2.002999484539031982e-01 -1.271924525499343872e-01 -1.379625350236892700e-01 8.266583085060119629e-02 -1.102922111749649048e-01 8.806391805410385132e-02 -1.174323037266731262e-01 6.906494498252868652e-02 -5.080379545688629150e-02 -4.423385858535766602e-02 4.784415662288665771e-02 9.541071206331253052e-02 7.471059262752532959e-02 -9.439659863710403442e-02 -1.838719286024570465e-02 2.405629865825176239e-02 -8.799146860837936401e-02 -1.165201589465141296e-01 5.206945538520812988e-02 8.320058882236480713e-02 1.094618886709213257e-01 -1.391087770462036133e-01 3.864363580942153931e-02 -2.169130556285381317e-02 1.367028057575225830e-01 7.635659724473953247e-02 -1.332789510488510132e-01 -3.199162706732749939e-02 2.429939433932304382e-02 -4.742338508367538452e-02 -6.180074438452720642e-02 -1.131514236330986023e-01 -5.135522782802581787e-02 5.270417034626007080e-02 8.781676739454269409e-02 -4.835957661271095276e-02 -6.770684570074081421e-02 5.381456762552261353e-02
4.285612609237432480e-03 -3.557240590453147888e-02 -7.073882967233657837e-02 1.574155539274215698e-01 9.895948320627212524e-02 -2.108744233846664429e-01 2.389715053141117096e-02 -7.527435198426246643e-03 -1.653207242488861084e-01 6.458427757024765015e-02 9.112857282161712646e-02 -1.578685194253921509e-01 -5.542381852865219116e-02 -3.941450640559196472e-02 -1.301898509263992310e-01 1.266741603612899780e-01 -6.387126445770263672e-02 6.115157157182693481e-02 2.076358348131179810e-02 -2.961876057088375092e-02 -8.292938582599163055e-03 -4.850612580776214600e-02 -5.934855341911315918e-02 -9.800852276384830475e-03 -4.402138292789459229e-02 6.575974076986312866e-02 2.010077424347400665e-02 3.742225468158721924e-02 7.463542371988296509e-02 -7.402411103248596191e-02 3.934027627110481262e-02 1.308755278587341309e-01 -2.452979981899261475e-02 1.573660075664520264e-01 1.574593931436538696e-01 -1.756972670555114746e-01 1.885753422975540161e-01 -2.024272643029689789e-02 1.368133574724197388e-01 -7.374750077724456787e-02 1.743847876787185669e-01 1.136206910014152527e-01 9.137378633022308350e-02 -5.443303845822811127e-03 1.694048196077346802e-01 2.934880554676055908e-02 6.136484816670417786e-02 5.812584236264228821e-02 -1.267045438289642334e-01 1.368687003850936890e-01 1.520639210939407349e-01 -1.762722879648208618e-01 -6.328842137008905411e-03 3.611854463815689087e-02 9.835469722747802734e-02 -3.845977038145065308e-02 -8.208435960114002228e-03 2.638855017721652985e-02 1.938877254724502563e-01 5.414923653006553650e-02 -8.470222353935241699e-02 1.966172829270362854e-02 -9.093120694160461426e-02 -6.697618216276168823e-02
fc2.bias
1.079614236950874329e-01
-1.153003051877021790e-01
5.817547067999839783e-02
1.273728311061859131e-01
6.632715463638305664e-02
4.925233870744705200e-02
6.094273552298545837e-02
1.190083399415016174e-01
1.473326683044433594e-01
7.543241232633590698e-02
1.307519711554050446e-02
1.343639343976974487e-01
-7.127769291400909424e-02
2.278119698166847229e-02
-3.713322058320045471e-02
1.738388240337371826e-01
3.959051892161369324e-02
-7.821024209260940552e-02
-4.286355152726173401e-02
2.137546390295028687e-01
3.814638406038284302e-02
1.350861694663763046e-02
9.718450903892517090e-02
6.593897938728332520e-02
3.735203668475151062e-02
5.757619440555572510e-02
-1.480042748153209686e-02
-7.890983670949935913e-02
-2.277829218655824661e-03
5.848944652825593948e-03
5.728745460510253906e-02
-4.687859490513801575e-02
fc3.weight
1.926488280296325684e-01 -2.056372612714767456e-01 3.560905158519744873e-02 2.212616801261901855e-01 -1.047099083662033081e-01 -2.301012575626373291e-01 -7.481548935174942017e-02 2.195902913808822632e-01 2.186121791601181030e-01 -9.340455383062362671e-02 -1.371937245130538940e-01 2.185378968715667725e-01 -6.778891384601593018e-02 9.937082231044769287e-02 -8.952804654836654663e-02 -6.908448878675699234e-03 -8.537583798170089722e-02 -1.066109985113143921e-01 6.419205665588378906e-02 2.006507478654384613e-02 1.290918421000242233e-02 2.605975419282913208e-02 2.616169750690460205e-01 4.812049865722656250e-02 -5.248339474201202393e-02 -2.714678943157196045e-01 -7.571944966912269592e-03 -2.278625369071960449e-01 6.751687824726104736e-02 -1.540392357856035233e-02 -1.259474903345108032e-01 -2.508703768253326416e-01
-2.574900090694427490e-01 7.167550176382064819e-02 2.324375808238983154e-01 1.356682332698255777e-04 1.672190278768539429e-01 2.364741712808609009e-01 -1.686336100101470947e-01 -1.642088145017623901e-01 -2.461392730474472046e-01 2.395277619361877441e-01 1.945979744195938110e-01 -1.204431895166635513e-02 1.752546727657318115e-01 1.568003892898559570e-01 1.895444095134735107e-01 -2.232776880264282227e-01 1.100789383053779602e-01 9.428710490465164185e-02 -2.059539705514907837e-01 -2.014945000410079956e-01 2.585451304912567139e-01 1.756992936134338379e-01 -1.901533305644989014e-01 -2.405455112457275391e-01 -2.566472887992858887e-01 -4.530796408653259277e-02 -1.598139256238937378e-01 2.705715298652648926e-01 -1.418000757694244385e-01 -2.400177568197250366e-01 4.236090555787086487e-02 1.201781779527664185e-01
fc3.bias
1.794975101947784424e-01
-5.490809679031372070e-02
