-0.3939, 0.1014, -0.1131
0.0234, 0.3627, 0.3276
0.3120, 3.0771, 11.1150
-0.0663, 0.1716, 1.1076
-0.0897, 0.1365, 1.0179
Falling
0.0975, 0.1911, 1.1583
0.1248, 0.0117, 1.1934
0.1326, -0.0975, 1.0023
0.1443, -0.1092, -0.0429
0.0897, -0.0819, -0.0078
NotFalling
-0.2925, 0.0156, -0.0312
0.0195, 0.2418, 0.1677
0.2769, 1.4430, 3.0654
-0.1326, 0.0663, 1.0686
-0.1287, 0.1053, 1.0218
Falling
-0.2730, 0.0351, -0.0507
0.0468, 0.3861, 0.4953
0.4290, 1.2714, 5.2026
0.0117, 0.4602, 1.3221
-0.0819, 0.3081, 1.0257
Falling
-0.0897, 0.0702, 1.0062
-0.1638, 0.0000, -0.0117
-0.1755, 0.1560, -0.0624
-0.0858, 0.2613, 1.1076
-0.0312, 0.2613, 1.1115
NotFalling
-0.4095, -0.0390, -0.1326
0.0234, 0.2262, 0.1209
0.0195, 0.1092, 7.2852
0.2106, 0.3939, 1.2402
-0.0546, 0.4524, 1.0530
Falling
-0.4368, 0.1443, 1.0569
-0.2613, 0.2301, 1.0062
0.0117, 0.4914, 1.3104
-0.0780, 0.3627, 1.2168
-0.1989, 0.3978, 1.0842
NotFalling
0.3120, 0.4446, 1.2207
0.0000, 0.1170, -0.0195
0.0390, 0.1833, 1.0569
0.0117, 0.1092, 1.0569
0.0507, 0.1092, 1.1856
NotFalling
-0.1404, 0.4368, 1.0218
-0.3354, 0.2028, -0.2496
0.0390, 5.2143, 3.4164
0.4368, 0.4368, 2.2425
-0.0468, 0.0390, 1.1115
Falling
0.0078, 0.0546, -0.0039
0.0195, 0.2262, 1.0335
0.2262, 0.3588, 1.3689
-0.1248, 0.1443, -0.0390
-0.2730, 0.0039, 1.0101
NotFalling
-0.0273, 0.4329, 1.1037
0.0468, 0.4173, -0.0234
0.1989, 0.4251, -0.0273
0.1950, 0.4368, 1.0452
0.1872, 0.4017, -0.0273
NotFalling
-0.4641, 0.3237, -0.1638
0.4680, 0.4914, 0.4368
0.4368, 0.4680, 2.4687
0.2769, 0.4758, 1.1427
0.3276, 0.3276, 1.2714
Falling
0.0507, 0.4953, 1.1778
-0.0429, 0.1560, 1.1427
-0.0078, 0.1365, 1.0296
0.0078, 0.4134, 1.0062
0.0897, 0.4407, 1.4508
NotFalling
-0.1872, -0.8346, 0.2301
-0.1560, -0.8346, 0.2496
-0.1638, -0.8736, 0.2301
-0.1716, -0.8892, 0.1560
-0.1716, -0.8580, 0.2301
NotFalling
-0.4953, -0.1560, -0.5304
-0.2379, 0.0819, -0.3510
0.3159, 2.3751, 0.0039
-0.0234, 0.4680, -0.0312
-0.2847, 0.1209, 0.0117
Falling
0.0507, 1.0023, -0.5577
0.1443, 1.0842, -0.4719
0.1755, 1.1505, -0.5109
0.2145, -0.0156, -0.5499
0.1209, 1.0140, -0.5109
NotFalling
0.3081, -0.3276, 1.2051
0.3588, 0.2613, 1.2402
0.2691, 0.4329, 1.1934
0.1521, 0.2223, 0.4914
-0.0858, -0.0117, 0.3198
NotFalling
-0.3237, -0.2457, -0.4953
-0.3042, -0.1950, -0.4095
0.4797, 2.1021, 0.2925
0.4914, 1.0881, -0.0039
0.0312, -0.0858, -0.6318
Falling
-0.3744, -0.6435, 0.0351
0.0234, 0.0819, 0.0156
0.4797, 3.1473, 3.4671
0.3861, -0.5616, 1.2246
0.3705, -0.0156, -0.2496
Falling
-0.2691, -0.2964, -0.2418
-0.1833, -0.0156, -0.0975
0.0858, 1.2714, -0.0156
0.0117, 0.2184, -0.0702
0.0195, -0.6552, -0.6279
Falling
0.0195, 0.4875, -0.0156
1.0959, 1.4001, 0.0819
0.4914, 1.1583, -0.0663
0.3666, 1.1310, -0.3861
0.1677, 1.2792, -0.1950
Falling
-0.1404, -0.0195, -0.4602
-0.0897, 1.3689, -0.4758
0.0312, 1.1622, -0.4875
-0.1053, -0.1638, -0.4134
-0.2379, 0.4953, -0.4641
NotFalling
-0.2847, 0.4953, 0.4953
0.0312, 0.3315, 0.4602
-0.1014, 1.2480, 4.2939
0.0039, 0.3354, 1.1076
-0.1365, 0.3627, -0.0156
Falling
0.0000, 0.0507, -0.0039
0.0000, 0.0507, -0.0078
0.0000, 0.0507, -0.0078
0.0000, 0.0546, -0.0039
0.0000, 0.0507, -0.0078
NotFalling
-0.1053, 0.4914, 1.4079
-0.3159, 0.4017, -0.2652
0.2886, 0.3393, 8.3421
-0.1404, 0.0819, 1.2909
-0.2106, 0.0546, 1.2285
Falling
0.0078, 0.0507, 1.0062
0.4758, 0.4173, 1.4274
-0.1131, 0.2379, -0.0156
-0.2340, 0.4953, 1.2012
-0.1131, 0.0741, 1.2753
NotFalling
-0.0429, 0.3744, 1.0569
-0.0819, 1.3065, 0.4446
-0.1248, -0.0858, -0.3003
-0.0663, 1.2168, 0.4485
0.0351, 0.4407, 1.1388
NotFalling
0.0039, 0.0507, -0.0039
0.0429, 0.1521, 1.0959
0.1794, 0.4758, 1.2792
-0.0975, 0.4602, 0.4953
-0.0975, 1.1817, 0.4056
NotFalling
0.1092, 0.3939, -0.0078
0.0234, 0.2340, -0.0039
0.0078, 0.2379, -0.9165
0.0078, 0.2886, -0.9204
-0.0078, 0.4914, -0.6981
NotFalling
0.1365, 1.1739, 0.4953
0.0156, 1.0062, -0.2379
0.1560, 0.4953, -0.7449
0.2106, 0.4836, -0.7839
0.3003, 0.4680, -0.0039
NotFalling
0.2301, 0.4953, -0.6981
0.3744, 0.4680, -0.6123
0.4329, 1.1544, -0.1287
0.4836, 1.1466, 0.3237
0.4485, 1.0218, 0.4680
NotFalling
0.1443, 1.0257, -0.3276
0.1365, 1.0257, -0.3354
0.1326, 1.0140, -0.3432
0.1443, 1.0179, -0.3588
0.1404, 1.0101, -0.3549
NotFalling
-0.3198, 0.1911, -0.0546
0.3861, 0.0819, 0.4719
0.1677, 0.4368, 1.3455
-0.1287, 0.1599, -0.0039
-0.1521, 0.1404, -0.0078
Falling
-0.1248, 0.1131, 1.0257
0.0312, 0.2769, 1.0413
1.0062, 6.0879, 3.3579
-0.1482, 0.1521, 1.0686
-0.1365, 0.0390, -0.0078
Falling
-0.0039, 0.0936, -0.0039
-0.0078, 0.0936, -0.0039
-0.0039, 0.0975, -0.0039
-0.0078, 0.1053, 0.9984
-0.0039, 0.0936, -0.0039
NotFalling
-0.3900, -0.1209, 0.4875
-0.2613, 0.4485, 0.4953
1.3260, 0.2925, 9.1689
0.2028, 0.2067, 1.1193
-0.0546, 0.0741, 1.0218
Falling
-0.0312, 0.1443, -0.0078
-0.0273, 0.1482, -0.0039
-0.0195, 0.1677, 1.0101
-0.0351, 0.1716, -0.0078
-0.0039, 0.2262, 1.0452
NotFalling
-0.1794, 0.1326, 1.0140
-0.1989, 0.2886, -0.0429
0.0312, 3.1044, 4.1925
0.0234, 0.4602, 1.4508
-0.1209, 0.2457, 1.0140
Falling
-0.1443, 0.3354, 0.4953
-0.2847, 0.3237, -0.0468
-0.2379, 0.1794, -0.0195
0.0273, 0.3042, 0.4329
1.3026, 5.0934, 3.3345
Falling
-0.0468, 0.2691, 1.2597
-0.2808, 0.4875, 0.4875
-0.2574, 0.2145, -0.0234
-0.2496, 0.1950, 1.0023
0.0429, 0.2886, 2.1528
Falling
0.0312, 0.4446, 0.2925
0.3042, 0.1092, 3.0732
-0.1014, 0.2847, 1.3533
-0.0897, 0.2418, 1.0608
-0.0156, 0.2301, 1.0101
Falling
-0.0039, 0.2613, 2.0358
-0.1092, 0.1092, 1.0335
0.0663, 0.2340, 1.0881
0.1092, 0.2691, 2.2269
-0.0078, 0.0039, 1.0257
Falling
-0.2301, -0.2379, 0.3081
-0.2340, -0.2028, 0.3003
-0.2535, -0.2301, 0.2808
-0.2652, -0.2223, 0.2808
-0.2613, -0.1911, 0.2925
NotFalling
0.0741, 0.1716, 1.1895
0.1131, 0.2028, 1.4898
-0.0156, -0.0312, 0.4914
-0.1482, 1.1622, 0.1833
-0.1326, 1.1466, 0.1482
NotFalling
0.0078, 0.0429, -0.0078
0.0117, 0.0390, -0.0039
0.0156, 0.0702, 1.0101
0.0156, 0.0507, -0.0039
0.0429, 0.1950, 1.1076
NotFalling
-0.2691, -0.5616, 0.3783
-0.2730, -0.5577, 0.3783
0.4524, -0.3627, 0.4875
-0.2028, -0.3315, 0.4953
-0.0975, -0.2184, 0.4875
NotFalling
-0.1560, 0.4914, 0.2301
-0.2808, -0.0819, -0.1521
-0.3900, -0.0507, -0.3471
0.4953, 1.0881, 0.3588
0.4953, 0.4875, 0.4953
NotFalling
-0.3042, 0.1833, -0.0156
-0.2886, 0.2925, -0.0351
-0.6045, -0.2184, -0.4875
-0.6396, -0.2262, -0.5694
-0.5694, -0.1443, -0.4719
NotFalling
-0.1482, 0.4524, 0.0663
0.1599, 2.1762, 7.2033
0.0624, 0.0624, 1.2207
0.0039, 0.4173, 1.1505
0.1482, 0.4173, 1.3923
Falling
0.0390, 0.4563, 0.4563
0.2808, 1.1232, 11.4465
-0.1443, 0.2457, 0.9984
-0.0078, 0.2223, 1.1739
-0.0546, 0.4719, 0.9984
Falling
0.1404, 0.4914, 1.2168
0.0507, -0.0078, 0.4602
0.3822, 1.3026, 0.2769
-0.3198, 1.0062, -0.2418
-0.2496, -0.2652, -0.3510
NotFalling
0.3276, 0.9984, -0.1560
0.3081, 1.2324, 0.3861
0.3315, 1.0959, -0.2769
0.1404, -0.0156, -0.4641
0.1131, -0.0780, -0.4095
NotFalling
-0.5577, 0.4953, 0.1443
0.4017, 0.4875, 2.2854
0.0780, 0.4953, 1.1310
0.0468, 0.4953, -0.0351
0.0624, 0.4953, -0.0468
Falling
-0.0936, 1.0179, 0.4953
0.1326, -0.1326, -0.2496
0.4953, -0.2340, -0.6474
-0.2964, 0.4836, -0.6123
0.4914, 0.4173, -0.7995
NotFalling
-0.3354, 0.3822, -0.7254
0.0819, 0.1014, -0.0039
0.2301, 0.4836, -0.0156
0.2067, 1.1154, 0.1950
0.1950, 1.0803, 0.4836
NotFalling
-0.4758, -0.0312, -0.0468
-0.5967, -0.1209, 0.0390
0.0507, 0.4953, 0.2028
0.4914, 0.4368, 4.1457
0.0819, 0.3393, 1.0725
Falling
0.4524, 0.3939, -0.1287
0.4797, 0.3315, 2.4063
0.1911, 0.1638, 1.0530
0.1638, 0.1131, 1.0179
0.1326, 0.4758, 1.4898
Falling
-0.5733, -0.0741, 0.0156
0.1599, 0.3120, 2.1450
-0.0468, 0.4797, 1.4742
-0.1716, 0.3705, 1.0764
0.0390, 0.4875, 0.4641
Falling
-0.1170, -0.2028, 0.4758
0.0858, 0.4914, 1.2402
0.1287, 0.3822, 1.2480
0.0117, 0.3198, 1.0413
0.0000, 0.2964, 1.0062
NotFalling