conv1.weight
3.352316617965698242e-01 1.919706344604492188e+00 -6.904200911521911621e-01
-3.325339639559388161e-04 -1.859567523002624512e+00 2.665684223175048828e+00
conv1.bias
-1.660052299499511719e+00 -3.263219356536865234e+00
fc1.weight
-1.212380051612854004e+00 4.897625446319580078e-01 1.676752418279647827e-01 -1.524278372526168823e-01 -4.255052506923675537e-01 -2.748670578002929688e-01 2.595482394099235535e-03 8.271283507347106934e-01 -2.903302907943725586e-01 -1.322476506233215332e+00 -2.882294654846191406e-01 -4.944142699241638184e-02 -6.460737586021423340e-01 1.248078465461730957e+00
-8.875539898872375488e-01 5.746094137430191040e-02 -3.839503228664398193e-01 -1.314547896385192871e+00 -1.471168756484985352e+00 -1.596968919038772583e-01 2.556749805808067322e-02 1.866063594818115234e+00 -8.968020975589752197e-02 -1.357353687286376953e+00 -1.324755907058715820e+00 -5.692279934883117676e-01 9.027542471885681152e-01 2.145124197006225586e+00
5.383568406105041504e-01 -2.173725217580795288e-01 4.004563204944133759e-03 -9.980111122131347656e-01 6.637406349182128906e-01 4.259735047817230225e-01 6.733140945434570312e-01 -2.853965163230895996e-01 1.044558405876159668e+00 2.880272269248962402e-01 -7.011796832084655762e-01 -8.295958489179611206e-02 1.356191754341125488e+00 1.012199074029922485e-01
2.122551947832107544e-01 1.777093112468719482e-01 4.079014956951141357e-01 3.937144875526428223e-01 9.601281583309173584e-02 7.248925417661666870e-02 4.856705963611602783e-01 2.153680175542831421e-01 -1.950401253998279572e-02 -1.429779827594757080e-01 -2.198010534048080444e-01 5.066350102424621582e-02 1.233443737030029297e+00 1.934653669595718384e-01
fc1.bias
3.232861280441284180e+00 -3.131519258022308350e-01 -5.868179202079772949e-01 -2.497493267059326172e+00
fc2.weight
2.663643598556518555e+00 -2.575386285781860352e+00 -1.199447274208068848e+00 2.540076494216918945e+00
-2.443423032760620117e+00 2.260564327239990234e+00 1.291208744049072266e+00 -2.878274440765380859e+00
fc2.bias
-3.020233154296875000e+00 2.527628421783447266e+00
