conv1.weight
9.709561467170715332e-01 -4.889305830001831055e-01 -5.558030009269714355e-01
-1.340453982353210449e+00 1.037519216537475586e+00 5.617715716361999512e-01
conv1.bias
1.091859817504882812e+00 4.089781939983367920e-01
fc1.weight
-1.323451101779937744e-01 -1.614109128713607788e-01 2.510701715946197510e-01 -2.824081853032112122e-02 4.877073317766189575e-02 4.219699278473854065e-02 -2.290724813938140869e-01 1.676383800804615021e-02 2.986606955528259277e-02 -1.496658176183700562e-01 6.831161677837371826e-02 3.036439418792724609e-02 -5.090934038162231445e-02 -2.744679152965545654e-01
6.352452039718627930e-01 -1.145040988922119141e+00 -9.946190714836120605e-01 3.535163104534149170e-01 6.153993010520935059e-01 -3.619852662086486816e-01 5.717097520828247070e-01 9.566723704338073730e-01 2.349832206964492798e-01 4.544438421726226807e-01 5.801894068717956543e-01 5.447590947151184082e-01 9.627817571163177490e-02 -1.503543615341186523e+00
-4.140278398990631104e-01 1.034167408943176270e+00 9.691745042800903320e-01 1.038221195340156555e-01 -5.150821805000305176e-01 9.613419771194458008e-01 -2.701105475425720215e-01 -9.858027100563049316e-01 5.489161610603332520e-01 -7.330858707427978516e-02 -8.200464248657226562e-01 4.190800711512565613e-03 3.049130439758300781e-01 1.349179267883300781e+00
6.452926397323608398e-01 -5.724725127220153809e-01 -6.366826295852661133e-01 -5.134385824203491211e-01 6.531215906143188477e-01 -5.456755757331848145e-01 3.294294178485870361e-01 7.582342624664306641e-01 8.312950283288955688e-02 -2.211219966411590576e-01 6.628733873367309570e-01 3.326780200004577637e-01 4.820022881031036377e-01 -9.411451816558837891e-01
fc1.bias
-1.586189717054367065e-01 -3.564180433750152588e-01 5.845292806625366211e-01 -3.051506876945495605e-01
fc2.weight
-3.441461622714996338e-01 -1.051282525062561035e+00 7.161414027214050293e-01 -5.905045866966247559e-01
1.412055641412734985e-01 5.113705396652221680e-01 -8.722087144851684570e-01 9.519150853157043457e-01
fc2.bias
5.633117556571960449e-01 -7.434619069099426270e-01
